Starting preprocessing of the model file ...
Found 73 equation(s).
Evaluating expressions...done
Computing static model derivatives (order 1).
Computing dynamic model derivatives (order 1).
Processing outputs ...
done
Preprocessing completed.




Residuals of the static equations:

Equation number 1 : 0 : c1
Equation number 2 : 2.9203e-07 : at1
Equation number 3 : 0 : a1
Equation number 4 : 0 : c2
Equation number 5 : 3.8943e-07 : at2
Equation number 6 : 0 : a2
Equation number 7 : 0 : c3
Equation number 8 : 2.9203e-07 : at3
Equation number 9 : 0 : a3
Equation number 10 : 0 : c4
Equation number 11 : 3.8943e-07 : at4
Equation number 12 : 0 : 12
Equation number 13 : 7.9306e-08 : c5
Equation number 14 : 7.4392e-07 : at5
Equation number 15 : 0 : 15
Equation number 16 : 2.024e-07 : c6
Equation number 17 : 3.62e-07 : at6
Equation number 18 : 0 : 18
Equation number 19 : 0 : c7
Equation number 20 : 2.9203e-07 : at7
Equation number 21 : 0 : 21
Equation number 22 : 0 : c8
Equation number 23 : 3.8943e-07 : at8
Equation number 24 : 0 : 24
Equation number 25 : 7.6829e-08 : c9
Equation number 26 : 7.4392e-07 : at9
Equation number 27 : 0 : 27
Equation number 28 : 2.0993e-07 : c10
Equation number 29 : 3.62e-07 : at10
Equation number 30 : 0 : 30
Equation number 31 : 4.8784e-07 : c11
Equation number 32 : 5.602e-07 : at11
Equation number 33 : 0 : 33
Equation number 34 : 0 : c12
Equation number 35 : 3.8943e-07 : at12
Equation number 36 : 0 : 36
Equation number 37 : 8.7143e-08 : c13
Equation number 38 : 7.4392e-07 : at13
Equation number 39 : 0 : 39
Equation number 40 : 2.1024e-07 : c14
Equation number 41 : 3.62e-07 : at14
Equation number 42 : 0 : 42
Equation number 43 : 4.8815e-07 : c15
Equation number 44 : 5.602e-07 : at15
Equation number 45 : 0 : 45
Equation number 46 : 1.9955e-07 : c16
Equation number 47 : 3.62e-07 : at16
Equation number 48 : 0 : 48
Equation number 49 : 4.6746e-07 : c17
Equation number 50 : 5.602e-07 : at17
Equation number 51 : 0 : 51
Equation number 52 : 1.2342e-07 : 52
Equation number 53 : -1.2169e-07 : w
Equation number 54 : -4.3589e-07 : 54
Equation number 55 : 0 : Z
Equation number 56 : 0 : u
Equation number 57 : 0 : GDP
Equation number 58 : 0 : A
Equation number 59 : 0.0011337 : C
Equation number 60 : -5.4718e-07 : W
Equation number 61 : 0 : I
Equation number 62 : -2.0144e-07 : Cb
Equation number 63 : -8.4967e-07 : 63
Equation number 64 : 0 : ut
Equation number 65 : 0 : Kt
Equation number 66 : 0 : Ct
Equation number 67 : 0 : Cbt
Equation number 68 : 0 : wt
Equation number 69 : 0 : rt
Equation number 70 : 0 : Zt
Equation number 71 : 0 : GDPt
Equation number 72 : 0 : It
Equation number 73 : 0 : Wt



STEADY-STATE RESULTS:

r    		 0.0164077
w    		 2.16019
Z    		 1
A    		 29.3448
K    		 29.3448
GDP  		 3.37529
u    		 0
I    		 0.733619
C    		 2.6428
Cb   		 0.628826
W    		 10.7052
TT   		 0
rt   		 0
wt   		 0
Zt   		 0
Kt   		 0
GDPt 		 0
ut   		 0
It   		 0
Ct   		 0
Cbt  		 0
Wt   		 0
a1   		 4.65096
at1  		 4.72887
c1   		 0.546575
a2   		 8.68971
at2  		 8.8277
c2   		 0.673907
a3   		 4.65118
at3  		 4.72887
c3   		 0.963546
a4   		 8.68992
at4  		 8.8277
c4   		 1.0909
a5   		 19.3978
at5  		 19.6936
c5   		 1.42716
a6   		 48.7691
at6  		 49.3377
c6   		 2.18634
a7   		 4.70627
at7  		 4.72887
c7   		 1.7707
a8   		 8.7613
at8  		 8.8277
c8   		 1.88176
a9   		 19.5136
at9  		 19.6936
c9   		 2.17357
a10  		 48.9102
at10 		 49.3377
c10  		 2.90756
a11  		 113.731
at11 		 114.545
c11  		 4.36361
a12  		 9.26033
at12 		 8.8277
c12  		 3.16481
a13  		 20.0354
at13 		 19.6936
c13  		 3.4339
a14  		 49.456
at14 		 49.3377
c14  		 4.14377
a15  		 114.272
at15 		 114.545
c15  		 5.60531
a16  		 50.9871
at16 		 49.3377
c16  		 6.29593
a17  		 115.795
at17 		 114.545
c17  		 7.76506

EIGENVALUES:
         Modulus             Real        Imaginary

       6.397e-23        6.397e-23                0
       7.887e-18        7.887e-18                0
       2.908e-17        2.908e-17                0
       2.913e-17       -2.913e-17                0
       3.452e-17        3.452e-17                0
       4.271e-17        4.271e-17                0
       4.418e-17       -4.418e-17                0
       1.473e-16        1.473e-16                0
       2.875e-16        2.875e-16                0
       4.124e-16       -4.124e-16                0
       6.684e-16       -6.684e-16                0
       7.232e-16        7.232e-16                0
       1.376e-15       -1.376e-15                0
       4.497e-11       -4.497e-11                0
       4.497e-11        4.497e-11                0
           0.865            0.865                0
            0.95             0.95                0
          0.9641           0.9641                0
          0.9803           0.9803                0
          0.9889           0.9889                0
           1.035            1.035                0
            1.04             1.04                0
           1.058            1.058                0
            1.18             1.18                0
       7.186e+15        7.186e+15                0
       1.289e+16       -1.289e+16                0
       1.506e+16       -1.506e+16                0
       2.767e+16       -2.767e+16                0
       2.925e+16       -2.925e+16                0
       2.994e+16        2.994e+16                0
       3.803e+16        3.803e+16                0
       4.272e+16        4.272e+16                0
       9.349e+16       -9.349e+16                0
       1.829e+17        1.829e+17                0
       4.129e+17       -4.129e+17                0
       4.524e+17        4.524e+17                0


There are 16 eigenvalue(s) larger than 1 in modulus 
for 16 forward-looking variable(s)

The rank condition is verified.


MODEL SUMMARY

  Number of variables:         73
  Number of stochastic shocks: 1
  Number of state variables:   20
  Number of jumpers:           16
  Number of static variables:  38


MATRIX OF COVARIANCE OF EXOGENOUS SHOCKS
Variables         eps
eps          0.000010

POLICY AND TRANSITION FUNCTIONS
                                  ut              Zt            GDPt              Ct             Cbt              Kt              It              Wt              rt              wt               u               Z             GDP               C              Cb               K               I               W               r               w
Constant                           0               0               0               0               0               0               0               0               0               0               0        1.000000        3.375289        2.642805        0.628826       29.344758        0.733619       10.705215        0.016408        2.160190
A(-1)                              0               0               0       -0.089000       -2.476059       -0.047898        0.085291       -0.262454        0.001269       -0.017243               0               0               0       -0.002352       -0.015570       -0.014056        0.000626       -0.002625        0.000013       -0.000372
u(-1)                      95.000000       95.000000       95.000000       37.604232       91.573304        7.540422      281.748736       47.930680        3.733904       97.714568        0.950000        0.950000        3.206525        0.993806        0.575836        2.212719        2.066962        0.479307        0.037339        2.110820
a1(-1)                             0               0               0        2.339903      147.103597        0.000028       -0.000019       11.059253               0        0.000010               0               0               0        0.061839        0.925025        0.000008               0        0.110593               0               0
a2(-1)                             0               0               0        0.046024        2.893406               0               0        0.217526               0               0               0               0               0        0.001216        0.018194               0               0        0.002175               0               0
a3(-1)                             0               0               0        0.008032        0.014657        0.003392       -0.019156        0.017158       -0.000090        0.001221               0               0               0        0.000212        0.000092        0.000995       -0.000141        0.000172               0        0.000026
a4(-1)                             0               0               0        1.657444        3.024813        0.700006       -3.953162        3.540939       -0.018551        0.252003               0               0               0        0.043803        0.019021        0.205415       -0.029001        0.035409       -0.000186        0.005444
a5(-1)                             0               0               0        0.024330        0.044403        0.010276       -0.058030        0.051979       -0.000272        0.003699               0               0               0        0.000643        0.000279        0.003015       -0.000426        0.000520       -0.000003        0.000080
a6(-1)                             0               0               0        0.000118        0.000216        0.000050       -0.000283        0.000253       -0.000001        0.000018               0               0               0        0.000003        0.000001        0.000015       -0.000002        0.000003               0               0
a7(-1)                             0               0               0        0.000019        0.000004        0.000028       -0.000020        0.000021               0        0.000010               0               0               0               0               0        0.000008               0               0               0               0
a8(-1)                             0               0               0        0.007984        0.001779        0.011718       -0.008284        0.008557       -0.000311        0.004218               0               0               0        0.000211        0.000011        0.003439       -0.000061        0.000086       -0.000003        0.000091
a9(-1)                             0               0               0        0.819896        0.182692        1.203252       -0.850691        0.878725       -0.031887        0.433172               0               0               0        0.021668        0.001149        0.353091       -0.006241        0.008787       -0.000319        0.009357
a10(-1)                            0               0               0        0.007984        0.001779        0.011718       -0.008284        0.008557       -0.000311        0.004218               0               0               0        0.000211        0.000011        0.003439       -0.000061        0.000086       -0.000003        0.000091
a11(-1)                            0               0               0        0.000019        0.000004        0.000028       -0.000020        0.000021               0        0.000010               0               0               0               0               0        0.000008               0               0               0               0
a12(-1)                            0               0               0        0.000034        0.000007        0.000058       -0.000022        0.000027       -0.000002        0.000021               0               0               0               0               0        0.000017               0               0               0               0
a13(-1)                            0               0               0        0.006966        0.001378        0.011840       -0.004550        0.005571       -0.000314        0.004262               0               0               0        0.000184        0.000009        0.003474       -0.000033        0.000056       -0.000003        0.000092
a14(-1)                            0               0               0        0.474559        0.093893        0.806537       -0.309945        0.379528       -0.021374        0.290355               0               0               0        0.012542        0.000590        0.236676       -0.002274        0.003795       -0.000214        0.006272
a15(-1)                            0               0               0        0.002300        0.000455        0.003908       -0.001502        0.001839       -0.000104        0.001407               0               0               0        0.000061        0.000003        0.001147       -0.000011        0.000018       -0.000001        0.000030
a16(-1)                            0               0               0        0.002269        0.000408        0.003941       -0.001342        0.001703       -0.000104        0.001419               0               0               0        0.000060        0.000003        0.001157       -0.000010        0.000017       -0.000001        0.000031
a17(-1)                            0               0               0        0.115375        0.020746        0.200370       -0.068205        0.086574       -0.005310        0.072133               0               0               0        0.003049        0.000130        0.058798       -0.000500        0.000866       -0.000053        0.001558
K(-1)                              0               0        1.226795        0.089001        2.476083        0.047899       -0.085292        0.262457       -0.001269        0.017244               0               0        0.041408        0.002352        0.015570        0.014056       -0.000626        0.002625       -0.000013        0.000372
eps                       100.000000      100.000000      100.000000       39.583402       96.392952        7.937286      296.577617       50.453347        3.930426      102.857440        1.000000        1.000000        3.375289        1.046112        0.606143        2.329177        2.175750        0.504533        0.039304        2.221916


MOMENTS OF SIMULATED VARIABLES
VARIABLE              MEAN       STD. DEV.        VARIANCE        SKEWNESS        KURTOSIS
ut               -0.002440        0.982028        0.964380        0.019705        0.204198
Zt               -0.002440        0.982028        0.964380        0.019705        0.204198
GDPt             -0.005172        1.325519        1.757000        0.109029        0.419337
Ct               -0.005453        1.075007        1.155639        0.178931        0.635793
Cbt              -0.003385        1.095467        1.200048        0.057305        0.300974
Kt               -0.007501        1.306788        1.707695        0.200419        0.704826
It               -0.003812        2.544333        6.473629       -0.038004        0.101823
Wt               -0.005172        1.106884        1.225191        0.161158        0.588004
rt                0.000098        0.031789        0.001011       -0.144113        0.225895
wt               -0.005141        1.337943        1.790092        0.105174        0.408598
u                -0.000024        0.009820        0.000096        0.019705        0.204198
Z                 0.999976        0.009820        0.000096        0.019705        0.204198
GDP               3.375115        0.044740        0.002002        0.109029        0.419337
C                 2.642661        0.028410        0.000807        0.178931        0.635793
Cb                0.628804        0.006889        0.000047        0.057305        0.300974
K                29.342556        0.383474        0.147052        0.200419        0.704826
I                 0.733591        0.018666        0.000348       -0.038004        0.101823
W                10.705163        0.011069        0.000123        0.161158        0.588004
r                 0.016409        0.000318        0.000000       -0.144113        0.225895
w                 2.160079        0.028902        0.000835        0.105174        0.408598


CORRELATION OF SIMULATED VARIABLES
VARIABLE        ut      Zt    GDPt      Ct     Cbt      Kt      It      Wt      rt      wt       u       Z     GDP       C      Cb       K       I       W       r       w
ut          1.0000  1.0000  0.9603  0.8207  0.9915  0.6541  0.9813  0.8658  0.5666  0.9640  1.0000  1.0000  0.9603  0.8207  0.9915  0.6541  0.9813  0.8658  0.5666  0.9640
Zt          1.0000  1.0000  0.9603  0.8207  0.9915  0.6541  0.9813  0.8658  0.5666  0.9640  1.0000  1.0000  0.9603  0.8207  0.9915  0.6541  0.9813  0.8658  0.5666  0.9640
GDPt        0.9603  0.9603  1.0000  0.9475  0.9880  0.8391  0.8888  0.9709  0.3143  0.9999  0.9603  0.9603  1.0000  0.9475  0.9880  0.8391  0.8888  0.9709  0.3143  0.9999
Ct          0.8207  0.8207  0.9475  1.0000  0.8873  0.9689  0.6957  0.9964 -0.0057  0.9431  0.8207  0.8207  0.9475  1.0000  0.8873  0.9689  0.6957  0.9964 -0.0057  0.9431
Cbt         0.9915  0.9915  0.9880  0.8873  1.0000  0.7458  0.9482  0.9230  0.4559  0.9900  0.9915  0.9915  0.9880  0.8873  1.0000  0.7458  0.9482  0.9230  0.4559  0.9900
Kt          0.6541  0.6541  0.8391  0.9689  0.7458  1.0000  0.4966  0.9446 -0.2527  0.8317  0.6541  0.6541  0.8391  0.9689  0.7458  1.0000  0.4966  0.9446 -0.2527  0.8317
It          0.9813  0.9813  0.8888  0.6957  0.9482  0.4966  1.0000  0.7534  0.7142  0.8949  0.9813  0.9813  0.8888  0.6957  0.9482  0.4966  1.0000  0.7534  0.7142  0.8949
Wt          0.8658  0.8658  0.9709  0.9964  0.9230  0.9446  0.7534  1.0000  0.0785  0.9676  0.8658  0.8658  0.9709  0.9964  0.9230  0.9446  0.7534  1.0000  0.0785  0.9676
rt          0.5666  0.5666  0.3143 -0.0057  0.4559 -0.2527  0.7142  0.0785  1.0000  0.3270  0.5666  0.5666  0.3143 -0.0057  0.4559 -0.2527  0.7142  0.0785  1.0000  0.3270
wt          0.9640  0.9640  0.9999  0.9431  0.9900  0.8317  0.8949  0.9676  0.3270  1.0000  0.9640  0.9640  0.9999  0.9431  0.9900  0.8317  0.8949  0.9676  0.3270  1.0000
u           1.0000  1.0000  0.9603  0.8207  0.9915  0.6541  0.9813  0.8658  0.5666  0.9640  1.0000  1.0000  0.9603  0.8207  0.9915  0.6541  0.9813  0.8658  0.5666  0.9640
Z           1.0000  1.0000  0.9603  0.8207  0.9915  0.6541  0.9813  0.8658  0.5666  0.9640  1.0000  1.0000  0.9603  0.8207  0.9915  0.6541  0.9813  0.8658  0.5666  0.9640
GDP         0.9603  0.9603  1.0000  0.9475  0.9880  0.8391  0.8888  0.9709  0.3143  0.9999  0.9603  0.9603  1.0000  0.9475  0.9880  0.8391  0.8888  0.9709  0.3143  0.9999
C           0.8207  0.8207  0.9475  1.0000  0.8873  0.9689  0.6957  0.9964 -0.0057  0.9431  0.8207  0.8207  0.9475  1.0000  0.8873  0.9689  0.6957  0.9964 -0.0057  0.9431
Cb          0.9915  0.9915  0.9880  0.8873  1.0000  0.7458  0.9482  0.9230  0.4559  0.9900  0.9915  0.9915  0.9880  0.8873  1.0000  0.7458  0.9482  0.9230  0.4559  0.9900
K           0.6541  0.6541  0.8391  0.9689  0.7458  1.0000  0.4966  0.9446 -0.2527  0.8317  0.6541  0.6541  0.8391  0.9689  0.7458  1.0000  0.4966  0.9446 -0.2527  0.8317
I           0.9813  0.9813  0.8888  0.6957  0.9482  0.4966  1.0000  0.7534  0.7142  0.8949  0.9813  0.9813  0.8888  0.6957  0.9482  0.4966  1.0000  0.7534  0.7142  0.8949
W           0.8658  0.8658  0.9709  0.9964  0.9230  0.9446  0.7534  1.0000  0.0785  0.9676  0.8658  0.8658  0.9709  0.9964  0.9230  0.9446  0.7534  1.0000  0.0785  0.9676
r           0.5666  0.5666  0.3143 -0.0057  0.4559 -0.2527  0.7142  0.0785  1.0000  0.3270  0.5666  0.5666  0.3143 -0.0057  0.4559 -0.2527  0.7142  0.0785  1.0000  0.3270
w           0.9640  0.9640  0.9999  0.9431  0.9900  0.8317  0.8949  0.9676  0.3270  1.0000  0.9640  0.9640  0.9999  0.9431  0.9900  0.8317  0.8949  0.9676  0.3270  1.0000


AUTOCORRELATION OF SIMULATED VARIABLES
VARIABLE         1       2       3       4       5
ut          0.9492  0.8983  0.8489  0.8009  0.7571
Zt          0.9492  0.8983  0.8489  0.8009  0.7571
GDPt        0.9724  0.9438  0.9152  0.8866  0.8596
Ct          0.9931  0.9845  0.9743  0.9628  0.9504
Cbt         0.9623  0.9235  0.8849  0.8468  0.8111
Kt          0.9988  0.9958  0.9910  0.9846  0.9767
It          0.9329  0.8665  0.8030  0.7421  0.6873
Wt          0.9897  0.9776  0.9640  0.9491  0.9337
rt          0.9218  0.8445  0.7707  0.7000  0.6367
wt          0.9713  0.9417  0.9122  0.8827  0.8549
u           0.9492  0.8983  0.8489  0.8009  0.7571
Z           0.9492  0.8983  0.8489  0.8009  0.7571
GDP         0.9724  0.9438  0.9152  0.8866  0.8596
C           0.9931  0.9845  0.9743  0.9628  0.9504
Cb          0.9623  0.9235  0.8849  0.8468  0.8111
K           0.9988  0.9958  0.9910  0.9846  0.9767
I           0.9329  0.8665  0.8030  0.7421  0.6873
W           0.9897  0.9776  0.9640  0.9491  0.9337
r           0.9218  0.8445  0.7707  0.7000  0.6367
w           0.9713  0.9417  0.9122  0.8827  0.8549
Total computing time : 0h00m05s
