% 20-Oct-2021 11:01:01, created by disp_th_moments.m 
 
\begin{center}
\begin{longtable}{lcccccccccccccccccccccccc} 
\caption{MATRIX OF CORRELATIONS}\\
 \label{Table:th_corr_matrix}\\
\toprule 
$Variables  $	 & 	 $        ut$	 & 	 $        Zt$	 & 	 $      GDPt$	 & 	 $        Ct$	 & 	 $       Cbt$	 & 	 $       Cmt$	 & 	 $       Ctt$	 & 	 $        Kt$	 & 	 $        It$	 & 	 $        Wt$	 & 	 $        rt$	 & 	 $        wt$	 & 	 $         u$	 & 	 $         Z$	 & 	 $       GDP$	 & 	 $         C$	 & 	 $        Cb$	 & 	 $        Cm$	 & 	 $       Ctp$	 & 	 $         K$	 & 	 $         I$	 & 	 $         W$	 & 	 $         r$	 & 	 $         w$\\
\midrule \endfirsthead 
\caption{(continued)}\\
 \toprule \\ 
$Variables  $	 & 	 $        ut$	 & 	 $        Zt$	 & 	 $      GDPt$	 & 	 $        Ct$	 & 	 $       Cbt$	 & 	 $       Cmt$	 & 	 $       Ctt$	 & 	 $        Kt$	 & 	 $        It$	 & 	 $        Wt$	 & 	 $        rt$	 & 	 $        wt$	 & 	 $         u$	 & 	 $         Z$	 & 	 $       GDP$	 & 	 $         C$	 & 	 $        Cb$	 & 	 $        Cm$	 & 	 $       Ctp$	 & 	 $         K$	 & 	 $         I$	 & 	 $         W$	 & 	 $         r$	 & 	 $         w$\\
\midrule \endhead 
\midrule \multicolumn{25}{r}{(Continued on next page)} \\ \bottomrule \endfoot 
\bottomrule \endlastfoot 
$ut         $	 & 	    1.0000	 & 	    1.0000	 & 	    0.9606	 & 	    0.8265	 & 	    0.9916	 & 	    0.7913	 & 	    0.7891	 & 	    0.6696	 & 	    0.9807	 & 	    0.8695	 & 	    0.5362	 & 	    0.9642	 & 	    1.0000	 & 	    1.0000	 & 	    0.9606	 & 	    0.8265	 & 	    0.9916	 & 	    0.7913	 & 	    0.7891	 & 	    0.6696	 & 	    0.9807	 & 	    0.8695	 & 	    0.5362	 & 	    0.9642 \\ 
$Zt         $	 & 	    1.0000	 & 	    1.0000	 & 	    0.9606	 & 	    0.8265	 & 	    0.9916	 & 	    0.7913	 & 	    0.7891	 & 	    0.6696	 & 	    0.9807	 & 	    0.8695	 & 	    0.5362	 & 	    0.9642	 & 	    1.0000	 & 	    1.0000	 & 	    0.9606	 & 	    0.8265	 & 	    0.9916	 & 	    0.7913	 & 	    0.7891	 & 	    0.6696	 & 	    0.9807	 & 	    0.8695	 & 	    0.5362	 & 	    0.9642 \\ 
$GDPt       $	 & 	    0.9606	 & 	    0.9606	 & 	    1.0000	 & 	    0.9504	 & 	    0.9881	 & 	    0.9301	 & 	    0.9288	 & 	    0.8497	 & 	    0.8878	 & 	    0.9725	 & 	    0.2804	 & 	    0.9999	 & 	    0.9606	 & 	    0.9606	 & 	    1.0000	 & 	    0.9504	 & 	    0.9881	 & 	    0.9301	 & 	    0.9288	 & 	    0.8497	 & 	    0.8878	 & 	    0.9725	 & 	    0.2804	 & 	    0.9999 \\ 
$Ct         $	 & 	    0.8265	 & 	    0.8265	 & 	    0.9504	 & 	    1.0000	 & 	    0.8919	 & 	    0.9981	 & 	    0.9979	 & 	    0.9715	 & 	    0.7007	 & 	    0.9966	 & 	   -0.0319	 & 	    0.9462	 & 	    0.8265	 & 	    0.8265	 & 	    0.9504	 & 	    1.0000	 & 	    0.8919	 & 	    0.9981	 & 	    0.9979	 & 	    0.9715	 & 	    0.7007	 & 	    0.9966	 & 	   -0.0319	 & 	    0.9462 \\ 
$Cbt        $	 & 	    0.9916	 & 	    0.9916	 & 	    0.9881	 & 	    0.8919	 & 	    1.0000	 & 	    0.8630	 & 	    0.8613	 & 	    0.7592	 & 	    0.9473	 & 	    0.9258	 & 	    0.4235	 & 	    0.9901	 & 	    0.9916	 & 	    0.9916	 & 	    0.9881	 & 	    0.8919	 & 	    1.0000	 & 	    0.8630	 & 	    0.8613	 & 	    0.7592	 & 	    0.9473	 & 	    0.9258	 & 	    0.4235	 & 	    0.9901 \\ 
$Cmt        $	 & 	    0.7913	 & 	    0.7913	 & 	    0.9301	 & 	    0.9981	 & 	    0.8630	 & 	    1.0000	 & 	    1.0000	 & 	    0.9840	 & 	    0.6568	 & 	    0.9898	 & 	   -0.0918	 & 	    0.9252	 & 	    0.7913	 & 	    0.7913	 & 	    0.9301	 & 	    0.9981	 & 	    0.8630	 & 	    1.0000	 & 	    1.0000	 & 	    0.9840	 & 	    0.6568	 & 	    0.9898	 & 	   -0.0918	 & 	    0.9252 \\ 
$Ctt        $	 & 	    0.7891	 & 	    0.7891	 & 	    0.9288	 & 	    0.9979	 & 	    0.8613	 & 	    1.0000	 & 	    1.0000	 & 	    0.9845	 & 	    0.6542	 & 	    0.9892	 & 	   -0.0952	 & 	    0.9238	 & 	    0.7891	 & 	    0.7891	 & 	    0.9288	 & 	    0.9979	 & 	    0.8613	 & 	    1.0000	 & 	    1.0000	 & 	    0.9845	 & 	    0.6542	 & 	    0.9892	 & 	   -0.0952	 & 	    0.9238 \\ 
$Kt         $	 & 	    0.6696	 & 	    0.6696	 & 	    0.8497	 & 	    0.9715	 & 	    0.7592	 & 	    0.9840	 & 	    0.9845	 & 	    1.0000	 & 	    0.5118	 & 	    0.9488	 & 	   -0.2678	 & 	    0.8427	 & 	    0.6696	 & 	    0.6696	 & 	    0.8497	 & 	    0.9715	 & 	    0.7592	 & 	    0.9840	 & 	    0.9845	 & 	    1.0000	 & 	    0.5118	 & 	    0.9488	 & 	   -0.2678	 & 	    0.8427 \\ 
$It         $	 & 	    0.9807	 & 	    0.9807	 & 	    0.8878	 & 	    0.7007	 & 	    0.9473	 & 	    0.6568	 & 	    0.6542	 & 	    0.5118	 & 	    1.0000	 & 	    0.7563	 & 	    0.6906	 & 	    0.8938	 & 	    0.9807	 & 	    0.9807	 & 	    0.8878	 & 	    0.7007	 & 	    0.9473	 & 	    0.6568	 & 	    0.6542	 & 	    0.5118	 & 	    1.0000	 & 	    0.7563	 & 	    0.6906	 & 	    0.8938 \\ 
$Wt         $	 & 	    0.8695	 & 	    0.8695	 & 	    0.9725	 & 	    0.9966	 & 	    0.9258	 & 	    0.9898	 & 	    0.9892	 & 	    0.9488	 & 	    0.7563	 & 	    1.0000	 & 	    0.0496	 & 	    0.9693	 & 	    0.8695	 & 	    0.8695	 & 	    0.9725	 & 	    0.9966	 & 	    0.9258	 & 	    0.9898	 & 	    0.9892	 & 	    0.9488	 & 	    0.7563	 & 	    1.0000	 & 	    0.0496	 & 	    0.9693 \\ 
$rt         $	 & 	    0.5362	 & 	    0.5362	 & 	    0.2804	 & 	   -0.0319	 & 	    0.4235	 & 	   -0.0918	 & 	   -0.0952	 & 	   -0.2678	 & 	    0.6906	 & 	    0.0496	 & 	    1.0000	 & 	    0.2931	 & 	    0.5362	 & 	    0.5362	 & 	    0.2804	 & 	   -0.0319	 & 	    0.4235	 & 	   -0.0918	 & 	   -0.0952	 & 	   -0.2678	 & 	    0.6906	 & 	    0.0496	 & 	    1.0000	 & 	    0.2931 \\ 
$wt         $	 & 	    0.9642	 & 	    0.9642	 & 	    0.9999	 & 	    0.9462	 & 	    0.9901	 & 	    0.9252	 & 	    0.9238	 & 	    0.8427	 & 	    0.8938	 & 	    0.9693	 & 	    0.2931	 & 	    1.0000	 & 	    0.9642	 & 	    0.9642	 & 	    0.9999	 & 	    0.9462	 & 	    0.9901	 & 	    0.9252	 & 	    0.9238	 & 	    0.8427	 & 	    0.8938	 & 	    0.9693	 & 	    0.2931	 & 	    1.0000 \\ 
$u          $	 & 	    1.0000	 & 	    1.0000	 & 	    0.9606	 & 	    0.8265	 & 	    0.9916	 & 	    0.7913	 & 	    0.7891	 & 	    0.6696	 & 	    0.9807	 & 	    0.8695	 & 	    0.5362	 & 	    0.9642	 & 	    1.0000	 & 	    1.0000	 & 	    0.9606	 & 	    0.8265	 & 	    0.9916	 & 	    0.7913	 & 	    0.7891	 & 	    0.6696	 & 	    0.9807	 & 	    0.8695	 & 	    0.5362	 & 	    0.9642 \\ 
$Z          $	 & 	    1.0000	 & 	    1.0000	 & 	    0.9606	 & 	    0.8265	 & 	    0.9916	 & 	    0.7913	 & 	    0.7891	 & 	    0.6696	 & 	    0.9807	 & 	    0.8695	 & 	    0.5362	 & 	    0.9642	 & 	    1.0000	 & 	    1.0000	 & 	    0.9606	 & 	    0.8265	 & 	    0.9916	 & 	    0.7913	 & 	    0.7891	 & 	    0.6696	 & 	    0.9807	 & 	    0.8695	 & 	    0.5362	 & 	    0.9642 \\ 
$GDP        $	 & 	    0.9606	 & 	    0.9606	 & 	    1.0000	 & 	    0.9504	 & 	    0.9881	 & 	    0.9301	 & 	    0.9288	 & 	    0.8497	 & 	    0.8878	 & 	    0.9725	 & 	    0.2804	 & 	    0.9999	 & 	    0.9606	 & 	    0.9606	 & 	    1.0000	 & 	    0.9504	 & 	    0.9881	 & 	    0.9301	 & 	    0.9288	 & 	    0.8497	 & 	    0.8878	 & 	    0.9725	 & 	    0.2804	 & 	    0.9999 \\ 
$C          $	 & 	    0.8265	 & 	    0.8265	 & 	    0.9504	 & 	    1.0000	 & 	    0.8919	 & 	    0.9981	 & 	    0.9979	 & 	    0.9715	 & 	    0.7007	 & 	    0.9966	 & 	   -0.0319	 & 	    0.9462	 & 	    0.8265	 & 	    0.8265	 & 	    0.9504	 & 	    1.0000	 & 	    0.8919	 & 	    0.9981	 & 	    0.9979	 & 	    0.9715	 & 	    0.7007	 & 	    0.9966	 & 	   -0.0319	 & 	    0.9462 \\ 
$Cb         $	 & 	    0.9916	 & 	    0.9916	 & 	    0.9881	 & 	    0.8919	 & 	    1.0000	 & 	    0.8630	 & 	    0.8613	 & 	    0.7592	 & 	    0.9473	 & 	    0.9258	 & 	    0.4235	 & 	    0.9901	 & 	    0.9916	 & 	    0.9916	 & 	    0.9881	 & 	    0.8919	 & 	    1.0000	 & 	    0.8630	 & 	    0.8613	 & 	    0.7592	 & 	    0.9473	 & 	    0.9258	 & 	    0.4235	 & 	    0.9901 \\ 
$Cm         $	 & 	    0.7913	 & 	    0.7913	 & 	    0.9301	 & 	    0.9981	 & 	    0.8630	 & 	    1.0000	 & 	    1.0000	 & 	    0.9840	 & 	    0.6568	 & 	    0.9898	 & 	   -0.0918	 & 	    0.9252	 & 	    0.7913	 & 	    0.7913	 & 	    0.9301	 & 	    0.9981	 & 	    0.8630	 & 	    1.0000	 & 	    1.0000	 & 	    0.9840	 & 	    0.6568	 & 	    0.9898	 & 	   -0.0918	 & 	    0.9252 \\ 
$Ctp        $	 & 	    0.7891	 & 	    0.7891	 & 	    0.9288	 & 	    0.9979	 & 	    0.8613	 & 	    1.0000	 & 	    1.0000	 & 	    0.9845	 & 	    0.6542	 & 	    0.9892	 & 	   -0.0952	 & 	    0.9238	 & 	    0.7891	 & 	    0.7891	 & 	    0.9288	 & 	    0.9979	 & 	    0.8613	 & 	    1.0000	 & 	    1.0000	 & 	    0.9845	 & 	    0.6542	 & 	    0.9892	 & 	   -0.0952	 & 	    0.9238 \\ 
$K          $	 & 	    0.6696	 & 	    0.6696	 & 	    0.8497	 & 	    0.9715	 & 	    0.7592	 & 	    0.9840	 & 	    0.9845	 & 	    1.0000	 & 	    0.5118	 & 	    0.9488	 & 	   -0.2678	 & 	    0.8427	 & 	    0.6696	 & 	    0.6696	 & 	    0.8497	 & 	    0.9715	 & 	    0.7592	 & 	    0.9840	 & 	    0.9845	 & 	    1.0000	 & 	    0.5118	 & 	    0.9488	 & 	   -0.2678	 & 	    0.8427 \\ 
$I          $	 & 	    0.9807	 & 	    0.9807	 & 	    0.8878	 & 	    0.7007	 & 	    0.9473	 & 	    0.6568	 & 	    0.6542	 & 	    0.5118	 & 	    1.0000	 & 	    0.7563	 & 	    0.6906	 & 	    0.8938	 & 	    0.9807	 & 	    0.9807	 & 	    0.8878	 & 	    0.7007	 & 	    0.9473	 & 	    0.6568	 & 	    0.6542	 & 	    0.5118	 & 	    1.0000	 & 	    0.7563	 & 	    0.6906	 & 	    0.8938 \\ 
$W          $	 & 	    0.8695	 & 	    0.8695	 & 	    0.9725	 & 	    0.9966	 & 	    0.9258	 & 	    0.9898	 & 	    0.9892	 & 	    0.9488	 & 	    0.7563	 & 	    1.0000	 & 	    0.0496	 & 	    0.9693	 & 	    0.8695	 & 	    0.8695	 & 	    0.9725	 & 	    0.9966	 & 	    0.9258	 & 	    0.9898	 & 	    0.9892	 & 	    0.9488	 & 	    0.7563	 & 	    1.0000	 & 	    0.0496	 & 	    0.9693 \\ 
$r          $	 & 	    0.5362	 & 	    0.5362	 & 	    0.2804	 & 	   -0.0319	 & 	    0.4235	 & 	   -0.0918	 & 	   -0.0952	 & 	   -0.2678	 & 	    0.6906	 & 	    0.0496	 & 	    1.0000	 & 	    0.2931	 & 	    0.5362	 & 	    0.5362	 & 	    0.2804	 & 	   -0.0319	 & 	    0.4235	 & 	   -0.0918	 & 	   -0.0952	 & 	   -0.2678	 & 	    0.6906	 & 	    0.0496	 & 	    1.0000	 & 	    0.2931 \\ 
$w          $	 & 	    0.9642	 & 	    0.9642	 & 	    0.9999	 & 	    0.9462	 & 	    0.9901	 & 	    0.9252	 & 	    0.9238	 & 	    0.8427	 & 	    0.8938	 & 	    0.9693	 & 	    0.2931	 & 	    1.0000	 & 	    0.9642	 & 	    0.9642	 & 	    0.9999	 & 	    0.9462	 & 	    0.9901	 & 	    0.9252	 & 	    0.9238	 & 	    0.8427	 & 	    0.8938	 & 	    0.9693	 & 	    0.2931	 & 	    1.0000 \\ 
\end{longtable}
 \end{center}
% End of TeX file.
