% 22-Oct-2021 10:55:28, created by disp_moments.m 
 
\begin{center}
\begin{longtable}{lcccccccccccccccccccc} 
\caption{CORRELATION OF SIMULATED VARIABLES}\\
 \label{Table:sim_corr_matrix}\\
\toprule 
$VARIABLE  $	 & 	 $        ut$	 & 	 $        Zt$	 & 	 $      GDPt$	 & 	 $        Ct$	 & 	 $       Cbt$	 & 	 $        Kt$	 & 	 $        It$	 & 	 $        Wt$	 & 	 $        rt$	 & 	 $        wt$	 & 	 $         u$	 & 	 $         Z$	 & 	 $       GDP$	 & 	 $         C$	 & 	 $        Cb$	 & 	 $         K$	 & 	 $         I$	 & 	 $         W$	 & 	 $         r$	 & 	 $         w$\\
\midrule \endfirsthead 
\caption{(continued)}\\
 \toprule \\ 
$VARIABLE  $	 & 	 $        ut$	 & 	 $        Zt$	 & 	 $      GDPt$	 & 	 $        Ct$	 & 	 $       Cbt$	 & 	 $        Kt$	 & 	 $        It$	 & 	 $        Wt$	 & 	 $        rt$	 & 	 $        wt$	 & 	 $         u$	 & 	 $         Z$	 & 	 $       GDP$	 & 	 $         C$	 & 	 $        Cb$	 & 	 $         K$	 & 	 $         I$	 & 	 $         W$	 & 	 $         r$	 & 	 $         w$\\
\midrule \endhead 
\midrule \multicolumn{21}{r}{(Continued on next page)} \\ \bottomrule \endfoot 
\bottomrule \endlastfoot 
$ut        $	 & 	    1.0000	 & 	    1.0000	 & 	    0.9603	 & 	    0.8207	 & 	    0.9915	 & 	    0.6541	 & 	    0.9813	 & 	    0.8658	 & 	    0.5666	 & 	    0.9640	 & 	    1.0000	 & 	    1.0000	 & 	    0.9603	 & 	    0.8207	 & 	    0.9915	 & 	    0.6541	 & 	    0.9813	 & 	    0.8658	 & 	    0.5666	 & 	    0.9640 \\ 
$Zt        $	 & 	    1.0000	 & 	    1.0000	 & 	    0.9603	 & 	    0.8207	 & 	    0.9915	 & 	    0.6541	 & 	    0.9813	 & 	    0.8658	 & 	    0.5666	 & 	    0.9640	 & 	    1.0000	 & 	    1.0000	 & 	    0.9603	 & 	    0.8207	 & 	    0.9915	 & 	    0.6541	 & 	    0.9813	 & 	    0.8658	 & 	    0.5666	 & 	    0.9640 \\ 
$GDPt      $	 & 	    0.9603	 & 	    0.9603	 & 	    1.0000	 & 	    0.9475	 & 	    0.9880	 & 	    0.8391	 & 	    0.8888	 & 	    0.9709	 & 	    0.3143	 & 	    0.9999	 & 	    0.9603	 & 	    0.9603	 & 	    1.0000	 & 	    0.9475	 & 	    0.9880	 & 	    0.8391	 & 	    0.8888	 & 	    0.9709	 & 	    0.3143	 & 	    0.9999 \\ 
$Ct        $	 & 	    0.8207	 & 	    0.8207	 & 	    0.9475	 & 	    1.0000	 & 	    0.8873	 & 	    0.9689	 & 	    0.6957	 & 	    0.9964	 & 	   -0.0057	 & 	    0.9431	 & 	    0.8207	 & 	    0.8207	 & 	    0.9475	 & 	    1.0000	 & 	    0.8873	 & 	    0.9689	 & 	    0.6957	 & 	    0.9964	 & 	   -0.0057	 & 	    0.9431 \\ 
$Cbt       $	 & 	    0.9915	 & 	    0.9915	 & 	    0.9880	 & 	    0.8873	 & 	    1.0000	 & 	    0.7458	 & 	    0.9482	 & 	    0.9230	 & 	    0.4559	 & 	    0.9900	 & 	    0.9915	 & 	    0.9915	 & 	    0.9880	 & 	    0.8873	 & 	    1.0000	 & 	    0.7458	 & 	    0.9482	 & 	    0.9230	 & 	    0.4559	 & 	    0.9900 \\ 
$Kt        $	 & 	    0.6541	 & 	    0.6541	 & 	    0.8391	 & 	    0.9689	 & 	    0.7458	 & 	    1.0000	 & 	    0.4966	 & 	    0.9446	 & 	   -0.2527	 & 	    0.8317	 & 	    0.6541	 & 	    0.6541	 & 	    0.8391	 & 	    0.9689	 & 	    0.7458	 & 	    1.0000	 & 	    0.4966	 & 	    0.9446	 & 	   -0.2527	 & 	    0.8317 \\ 
$It        $	 & 	    0.9813	 & 	    0.9813	 & 	    0.8888	 & 	    0.6957	 & 	    0.9482	 & 	    0.4966	 & 	    1.0000	 & 	    0.7534	 & 	    0.7142	 & 	    0.8949	 & 	    0.9813	 & 	    0.9813	 & 	    0.8888	 & 	    0.6957	 & 	    0.9482	 & 	    0.4966	 & 	    1.0000	 & 	    0.7534	 & 	    0.7142	 & 	    0.8949 \\ 
$Wt        $	 & 	    0.8658	 & 	    0.8658	 & 	    0.9709	 & 	    0.9964	 & 	    0.9230	 & 	    0.9446	 & 	    0.7534	 & 	    1.0000	 & 	    0.0785	 & 	    0.9676	 & 	    0.8658	 & 	    0.8658	 & 	    0.9709	 & 	    0.9964	 & 	    0.9230	 & 	    0.9446	 & 	    0.7534	 & 	    1.0000	 & 	    0.0785	 & 	    0.9676 \\ 
$rt        $	 & 	    0.5666	 & 	    0.5666	 & 	    0.3143	 & 	   -0.0057	 & 	    0.4559	 & 	   -0.2527	 & 	    0.7142	 & 	    0.0785	 & 	    1.0000	 & 	    0.3270	 & 	    0.5666	 & 	    0.5666	 & 	    0.3143	 & 	   -0.0057	 & 	    0.4559	 & 	   -0.2527	 & 	    0.7142	 & 	    0.0785	 & 	    1.0000	 & 	    0.3270 \\ 
$wt        $	 & 	    0.9640	 & 	    0.9640	 & 	    0.9999	 & 	    0.9431	 & 	    0.9900	 & 	    0.8317	 & 	    0.8949	 & 	    0.9676	 & 	    0.3270	 & 	    1.0000	 & 	    0.9640	 & 	    0.9640	 & 	    0.9999	 & 	    0.9431	 & 	    0.9900	 & 	    0.8317	 & 	    0.8949	 & 	    0.9676	 & 	    0.3270	 & 	    1.0000 \\ 
$u         $	 & 	    1.0000	 & 	    1.0000	 & 	    0.9603	 & 	    0.8207	 & 	    0.9915	 & 	    0.6541	 & 	    0.9813	 & 	    0.8658	 & 	    0.5666	 & 	    0.9640	 & 	    1.0000	 & 	    1.0000	 & 	    0.9603	 & 	    0.8207	 & 	    0.9915	 & 	    0.6541	 & 	    0.9813	 & 	    0.8658	 & 	    0.5666	 & 	    0.9640 \\ 
$Z         $	 & 	    1.0000	 & 	    1.0000	 & 	    0.9603	 & 	    0.8207	 & 	    0.9915	 & 	    0.6541	 & 	    0.9813	 & 	    0.8658	 & 	    0.5666	 & 	    0.9640	 & 	    1.0000	 & 	    1.0000	 & 	    0.9603	 & 	    0.8207	 & 	    0.9915	 & 	    0.6541	 & 	    0.9813	 & 	    0.8658	 & 	    0.5666	 & 	    0.9640 \\ 
$GDP       $	 & 	    0.9603	 & 	    0.9603	 & 	    1.0000	 & 	    0.9475	 & 	    0.9880	 & 	    0.8391	 & 	    0.8888	 & 	    0.9709	 & 	    0.3143	 & 	    0.9999	 & 	    0.9603	 & 	    0.9603	 & 	    1.0000	 & 	    0.9475	 & 	    0.9880	 & 	    0.8391	 & 	    0.8888	 & 	    0.9709	 & 	    0.3143	 & 	    0.9999 \\ 
$C         $	 & 	    0.8207	 & 	    0.8207	 & 	    0.9475	 & 	    1.0000	 & 	    0.8873	 & 	    0.9689	 & 	    0.6957	 & 	    0.9964	 & 	   -0.0057	 & 	    0.9431	 & 	    0.8207	 & 	    0.8207	 & 	    0.9475	 & 	    1.0000	 & 	    0.8873	 & 	    0.9689	 & 	    0.6957	 & 	    0.9964	 & 	   -0.0057	 & 	    0.9431 \\ 
$Cb        $	 & 	    0.9915	 & 	    0.9915	 & 	    0.9880	 & 	    0.8873	 & 	    1.0000	 & 	    0.7458	 & 	    0.9482	 & 	    0.9230	 & 	    0.4559	 & 	    0.9900	 & 	    0.9915	 & 	    0.9915	 & 	    0.9880	 & 	    0.8873	 & 	    1.0000	 & 	    0.7458	 & 	    0.9482	 & 	    0.9230	 & 	    0.4559	 & 	    0.9900 \\ 
$K         $	 & 	    0.6541	 & 	    0.6541	 & 	    0.8391	 & 	    0.9689	 & 	    0.7458	 & 	    1.0000	 & 	    0.4966	 & 	    0.9446	 & 	   -0.2527	 & 	    0.8317	 & 	    0.6541	 & 	    0.6541	 & 	    0.8391	 & 	    0.9689	 & 	    0.7458	 & 	    1.0000	 & 	    0.4966	 & 	    0.9446	 & 	   -0.2527	 & 	    0.8317 \\ 
$I         $	 & 	    0.9813	 & 	    0.9813	 & 	    0.8888	 & 	    0.6957	 & 	    0.9482	 & 	    0.4966	 & 	    1.0000	 & 	    0.7534	 & 	    0.7142	 & 	    0.8949	 & 	    0.9813	 & 	    0.9813	 & 	    0.8888	 & 	    0.6957	 & 	    0.9482	 & 	    0.4966	 & 	    1.0000	 & 	    0.7534	 & 	    0.7142	 & 	    0.8949 \\ 
$W         $	 & 	    0.8658	 & 	    0.8658	 & 	    0.9709	 & 	    0.9964	 & 	    0.9230	 & 	    0.9446	 & 	    0.7534	 & 	    1.0000	 & 	    0.0785	 & 	    0.9676	 & 	    0.8658	 & 	    0.8658	 & 	    0.9709	 & 	    0.9964	 & 	    0.9230	 & 	    0.9446	 & 	    0.7534	 & 	    1.0000	 & 	    0.0785	 & 	    0.9676 \\ 
$r         $	 & 	    0.5666	 & 	    0.5666	 & 	    0.3143	 & 	   -0.0057	 & 	    0.4559	 & 	   -0.2527	 & 	    0.7142	 & 	    0.0785	 & 	    1.0000	 & 	    0.3270	 & 	    0.5666	 & 	    0.5666	 & 	    0.3143	 & 	   -0.0057	 & 	    0.4559	 & 	   -0.2527	 & 	    0.7142	 & 	    0.0785	 & 	    1.0000	 & 	    0.3270 \\ 
$w         $	 & 	    0.9640	 & 	    0.9640	 & 	    0.9999	 & 	    0.9431	 & 	    0.9900	 & 	    0.8317	 & 	    0.8949	 & 	    0.9676	 & 	    0.3270	 & 	    1.0000	 & 	    0.9640	 & 	    0.9640	 & 	    0.9999	 & 	    0.9431	 & 	    0.9900	 & 	    0.8317	 & 	    0.8949	 & 	    0.9676	 & 	    0.3270	 & 	    1.0000 \\ 
\end{longtable}
 \end{center}
% End of TeX file.
