% 13-Dec-2021 13:54:49, created by disp_moments.m 
 
\begin{center}
\begin{longtable}{lcccccccccccccccccc} 
\caption{CORRELATION OF SIMULATED VARIABLES}\\
 \label{Table:sim_corr_matrix}\\
\toprule 
$VARIABLE  $	 & 	 $        Zt$	 & 	 $      GDPt$	 & 	 $        Ct$	 & 	 $        Kt$	 & 	 $        It$	 & 	 $        Wt$	 & 	 $        Rt$	 & 	 $        wt$	 & 	 $        Tt$	 & 	 $         Z$	 & 	 $       GDP$	 & 	 $         C$	 & 	 $         K$	 & 	 $         I$	 & 	 $         W$	 & 	 $         R$	 & 	 $         w$	 & 	 $        TT$\\
\midrule \endfirsthead 
\caption{(continued)}\\
 \toprule \\ 
$VARIABLE  $	 & 	 $        Zt$	 & 	 $      GDPt$	 & 	 $        Ct$	 & 	 $        Kt$	 & 	 $        It$	 & 	 $        Wt$	 & 	 $        Rt$	 & 	 $        wt$	 & 	 $        Tt$	 & 	 $         Z$	 & 	 $       GDP$	 & 	 $         C$	 & 	 $         K$	 & 	 $         I$	 & 	 $         W$	 & 	 $         R$	 & 	 $         w$	 & 	 $        TT$\\
\midrule \endhead 
\midrule \multicolumn{19}{r}{(Continued on next page)} \\ \bottomrule \endfoot 
\bottomrule \endlastfoot 
$Zt        $	 & 	    1.0000	 & 	    0.9624	 & 	    0.7761	 & 	    0.6431	 & 	    0.9902	 & 	    0.8105	 & 	    0.6133	 & 	    0.9656	 & 	    0.9176	 & 	    1.0000	 & 	    0.9624	 & 	    0.8020	 & 	    0.6431	 & 	    0.9902	 & 	    0.8105	 & 	    0.6133	 & 	    0.9656	 & 	    0.9176 \\ 
$GDPt      $	 & 	    0.9624	 & 	    1.0000	 & 	    0.9183	 & 	    0.8270	 & 	    0.9151	 & 	    0.9392	 & 	    0.3756	 & 	    0.9999	 & 	    0.9911	 & 	    0.9624	 & 	    1.0000	 & 	    0.9341	 & 	    0.8270	 & 	    0.9151	 & 	    0.9392	 & 	    0.3756	 & 	    0.9999	 & 	    0.9911 \\ 
$Ct        $	 & 	    0.7761	 & 	    0.9183	 & 	    1.0000	 & 	    0.9820	 & 	    0.6806	 & 	    0.9984	 & 	   -0.0221	 & 	    0.9134	 & 	    0.9628	 & 	    0.7761	 & 	    0.9183	 & 	    0.9991	 & 	    0.9820	 & 	    0.6806	 & 	    0.9984	 & 	   -0.0221	 & 	    0.9134	 & 	    0.9628 \\ 
$Kt        $	 & 	    0.6431	 & 	    0.8270	 & 	    0.9820	 & 	    1.0000	 & 	    0.5301	 & 	    0.9698	 & 	   -0.2104	 & 	    0.8201	 & 	    0.8946	 & 	    0.6431	 & 	    0.8270	 & 	    0.9732	 & 	    1.0000	 & 	    0.5301	 & 	    0.9698	 & 	   -0.2104	 & 	    0.8201	 & 	    0.8946 \\ 
$It        $	 & 	    0.9902	 & 	    0.9151	 & 	    0.6806	 & 	    0.5301	 & 	    1.0000	 & 	    0.7210	 & 	    0.7174	 & 	    0.9199	 & 	    0.8532	 & 	    0.9902	 & 	    0.9151	 & 	    0.7109	 & 	    0.5301	 & 	    1.0000	 & 	    0.7210	 & 	    0.7174	 & 	    0.9199	 & 	    0.8532 \\ 
$Wt        $	 & 	    0.8105	 & 	    0.9392	 & 	    0.9984	 & 	    0.9698	 & 	    0.7210	 & 	    1.0000	 & 	    0.0345	 & 	    0.9349	 & 	    0.9766	 & 	    0.8105	 & 	    0.9392	 & 	    0.9999	 & 	    0.9698	 & 	    0.7210	 & 	    1.0000	 & 	    0.0345	 & 	    0.9349	 & 	    0.9766 \\ 
$Rt        $	 & 	    0.6133	 & 	    0.3756	 & 	   -0.0221	 & 	   -0.2104	 & 	    0.7174	 & 	    0.0345	 & 	    1.0000	 & 	    0.3868	 & 	    0.2488	 & 	    0.6133	 & 	    0.3756	 & 	    0.0200	 & 	   -0.2104	 & 	    0.7174	 & 	    0.0345	 & 	    1.0000	 & 	    0.3868	 & 	    0.2488 \\ 
$wt        $	 & 	    0.9656	 & 	    0.9999	 & 	    0.9134	 & 	    0.8201	 & 	    0.9199	 & 	    0.9349	 & 	    0.3868	 & 	    1.0000	 & 	    0.9894	 & 	    0.9656	 & 	    0.9999	 & 	    0.9297	 & 	    0.8201	 & 	    0.9199	 & 	    0.9349	 & 	    0.3868	 & 	    1.0000	 & 	    0.9894 \\ 
$Tt        $	 & 	    0.9176	 & 	    0.9911	 & 	    0.9628	 & 	    0.8946	 & 	    0.8532	 & 	    0.9766	 & 	    0.2488	 & 	    0.9894	 & 	    1.0000	 & 	    0.9176	 & 	    0.9911	 & 	    0.9734	 & 	    0.8946	 & 	    0.8532	 & 	    0.9766	 & 	    0.2488	 & 	    0.9894	 & 	    1.0000 \\ 
$Z         $	 & 	    1.0000	 & 	    0.9624	 & 	    0.7761	 & 	    0.6431	 & 	    0.9902	 & 	    0.8105	 & 	    0.6133	 & 	    0.9656	 & 	    0.9176	 & 	    1.0000	 & 	    0.9624	 & 	    0.8020	 & 	    0.6431	 & 	    0.9902	 & 	    0.8105	 & 	    0.6133	 & 	    0.9656	 & 	    0.9176 \\ 
$GDP       $	 & 	    0.9624	 & 	    1.0000	 & 	    0.9183	 & 	    0.8270	 & 	    0.9151	 & 	    0.9392	 & 	    0.3756	 & 	    0.9999	 & 	    0.9911	 & 	    0.9624	 & 	    1.0000	 & 	    0.9341	 & 	    0.8270	 & 	    0.9151	 & 	    0.9392	 & 	    0.3756	 & 	    0.9999	 & 	    0.9911 \\ 
$C         $	 & 	    0.8020	 & 	    0.9341	 & 	    0.9991	 & 	    0.9732	 & 	    0.7109	 & 	    0.9999	 & 	    0.0200	 & 	    0.9297	 & 	    0.9734	 & 	    0.8020	 & 	    0.9341	 & 	    1.0000	 & 	    0.9732	 & 	    0.7109	 & 	    0.9999	 & 	    0.0200	 & 	    0.9297	 & 	    0.9734 \\ 
$K         $	 & 	    0.6431	 & 	    0.8270	 & 	    0.9820	 & 	    1.0000	 & 	    0.5301	 & 	    0.9698	 & 	   -0.2104	 & 	    0.8201	 & 	    0.8946	 & 	    0.6431	 & 	    0.8270	 & 	    0.9732	 & 	    1.0000	 & 	    0.5301	 & 	    0.9698	 & 	   -0.2104	 & 	    0.8201	 & 	    0.8946 \\ 
$I         $	 & 	    0.9902	 & 	    0.9151	 & 	    0.6806	 & 	    0.5301	 & 	    1.0000	 & 	    0.7210	 & 	    0.7174	 & 	    0.9199	 & 	    0.8532	 & 	    0.9902	 & 	    0.9151	 & 	    0.7109	 & 	    0.5301	 & 	    1.0000	 & 	    0.7210	 & 	    0.7174	 & 	    0.9199	 & 	    0.8532 \\ 
$W         $	 & 	    0.8105	 & 	    0.9392	 & 	    0.9984	 & 	    0.9698	 & 	    0.7210	 & 	    1.0000	 & 	    0.0345	 & 	    0.9349	 & 	    0.9766	 & 	    0.8105	 & 	    0.9392	 & 	    0.9999	 & 	    0.9698	 & 	    0.7210	 & 	    1.0000	 & 	    0.0345	 & 	    0.9349	 & 	    0.9766 \\ 
$R         $	 & 	    0.6133	 & 	    0.3756	 & 	   -0.0221	 & 	   -0.2104	 & 	    0.7174	 & 	    0.0345	 & 	    1.0000	 & 	    0.3868	 & 	    0.2488	 & 	    0.6133	 & 	    0.3756	 & 	    0.0200	 & 	   -0.2104	 & 	    0.7174	 & 	    0.0345	 & 	    1.0000	 & 	    0.3868	 & 	    0.2488 \\ 
$w         $	 & 	    0.9656	 & 	    0.9999	 & 	    0.9134	 & 	    0.8201	 & 	    0.9199	 & 	    0.9349	 & 	    0.3868	 & 	    1.0000	 & 	    0.9894	 & 	    0.9656	 & 	    0.9999	 & 	    0.9297	 & 	    0.8201	 & 	    0.9199	 & 	    0.9349	 & 	    0.3868	 & 	    1.0000	 & 	    0.9894 \\ 
$TT        $	 & 	    0.9176	 & 	    0.9911	 & 	    0.9628	 & 	    0.8946	 & 	    0.8532	 & 	    0.9766	 & 	    0.2488	 & 	    0.9894	 & 	    1.0000	 & 	    0.9176	 & 	    0.9911	 & 	    0.9734	 & 	    0.8946	 & 	    0.8532	 & 	    0.9766	 & 	    0.2488	 & 	    0.9894	 & 	    1.0000 \\ 
\end{longtable}
 \end{center}
% End of TeX file.
