function [ys_, params, info] = steadystate(ys_, exo_, params)
% Steady state generated by Dynare preprocessor
    info = 0;
    ys_(26)=0.000000000000;
    ys_(27)=0.391077688747;
    ys_(28)=0.045216995676;
    ys_(29)=1.000000000000;
    ys_(30)=0.000000000000;
    ys_(31)=0.391088270775;
    ys_(32)=0.000000000000;
    ys_(33)=1.000000000000;
    ys_(34)=0.000000000000;
    ys_(35)=0.391246985949;
    ys_(36)=0.000058033492;
    ys_(37)=1.000000000000;
    ys_(38)=0.000000000000;
    ys_(39)=0.391934751702;
    ys_(40)=0.000079551169;
    ys_(41)=1.000000000000;
    ys_(42)=0.000000000000;
    ys_(43)=0.393786428726;
    ys_(44)=0.000106202259;
    ys_(45)=1.000000000000;
    ys_(46)=0.000548925606;
    ys_(47)=0.397141896387;
    ys_(48)=0.000135382412;
    ys_(49)=0.434931099569;
    ys_(50)=0.004160581981;
    ys_(51)=0.400630098769;
    ys_(52)=0.000171785700;
    ys_(53)=0.610667348669;
    ys_(54)=0.011346887709;
    ys_(55)=0.405135810815;
    ys_(56)=0.000215515758;
    ys_(57)=0.307038139365;
    ys_(58)=0.024035165537;
    ys_(59)=0.410382347578;
    ys_(60)=0.000230573698;
    ys_(61)=0.083431391030;
    ys_(62)=0.044100427461;
    ys_(63)=0.416399279143;
    ys_(64)=0.000240112291;
    ys_(65)=0.943095591898;
    ys_(66)=0.073731370989;
    ys_(67)=0.423156434358;
    ys_(68)=0.000261132839;
    ys_(69)=0.848326264393;
    ys_(70)=0.115294114927;
    ys_(71)=0.430700165051;
    ys_(72)=0.000280992206;
    ys_(73)=0.768345922490;
    ys_(74)=0.171412008709;
    ys_(75)=0.439073536699;
    ys_(76)=0.000299099240;
    ys_(77)=0.700612131770;
    ys_(78)=0.244962611964;
    ys_(79)=0.448319348861;
    ys_(80)=0.000315026231;
    ys_(81)=0.642810139825;
    ys_(82)=0.339076081676;
    ys_(83)=0.458481748019;
    ys_(84)=0.000328498323;
    ys_(85)=0.593047894302;
    ys_(86)=0.457134220260;
    ys_(87)=0.469607179500;
    ys_(88)=0.000339448978;
    ys_(89)=0.549829577778;
    ys_(90)=0.602769861274;
    ys_(91)=0.481745001766;
    ys_(92)=0.000348147775;
    ys_(93)=0.511982278339;
    ys_(94)=0.779866438910;
    ys_(95)=0.494947916923;
    ys_(96)=0.000355444073;
    ys_(97)=0.478584440984;
    ys_(98)=0.992557664928;
    ys_(99)=0.509272293785;
    ys_(100)=0.000364398691;
    ys_(101)=0.448907334846;
    ys_(102)=1.245227268900;
    ys_(103)=0.524778427631;
    ys_(104)=0.000377095099;
    ys_(105)=0.422369916466;
    ys_(106)=1.542508772107;
    ys_(107)=0.541530766308;
    ys_(108)=0.000390962350;
    ys_(109)=0.398504766223;
    ys_(110)=1.889285284078;
    ys_(111)=0.559598113693;
    ys_(112)=0.000404009374;
    ys_(113)=0.376932501603;
    ys_(114)=2.290689316201;
    ys_(115)=0.579053816083;
    ys_(116)=0.000416046219;
    ys_(117)=0.357342512384;
    ys_(118)=2.752102605977;
    ys_(119)=0.599975937934;
    ys_(120)=0.000426918870;
    ys_(121)=0.339478379433;
    ys_(122)=3.279155947857;
    ys_(123)=0.622447431035;
    ys_(124)=0.000436487504;
    ys_(125)=0.323126758615;
    ys_(126)=3.877729028266;
    ys_(127)=0.646556299475;
    ys_(128)=0.000444620411;
    ys_(129)=0.308108836934;
    ys_(130)=4.553950263613;
    ys_(131)=0.672395761636;
    ys_(132)=0.000451186289;
    ys_(133)=0.294273709511;
    ys_(134)=5.314196641217;
    ys_(135)=0.700064409270;
    ys_(136)=0.000456060219;
    ys_(137)=0.281493201050;
    ys_(138)=6.165093564033;
    ys_(139)=0.729666362764;
    ys_(140)=0.000459126601;
    ys_(141)=0.269657782006;
    ys_(142)=7.113514699972;
    ys_(143)=0.761311421836;
    ys_(144)=0.000460282769;
    ys_(145)=0.258673321925;
    ys_(146)=8.166581835611;
    ys_(147)=0.795115211805;
    ys_(148)=0.000459443297;
    ys_(149)=0.248458489472;
    ys_(150)=9.331664733430;
    ys_(151)=0.831199326371;
    ys_(152)=0.000456544834;
    ys_(153)=0.238942656395;
    ys_(154)=10.616380992284;
    ys_(155)=0.869691467134;
    ys_(156)=0.000451551201;
    ys_(157)=0.230064196446;
    ys_(158)=12.028595912353;
    ys_(159)=0.910725578645;
    ys_(160)=0.000444458523;
    ys_(161)=0.221769094998;
    ys_(162)=13.576422367085;
    ys_(163)=0.954441976467;
    ys_(164)=0.000435300046;
    ys_(165)=0.214009804264;
    ys_(166)=15.268220684919;
    ys_(167)=1.000987465446;
    ys_(168)=0.000424150228;
    ys_(169)=0.206744294139;
    ys_(170)=17.112598543286;
    ys_(171)=1.050515445716;
    ys_(172)=0.000411127634;
    ys_(173)=0.199935260362;
    ys_(174)=19.118410876972;
    ys_(175)=1.103186004331;
    ys_(176)=0.000396396085;
    ys_(177)=0.193549460273;
    ys_(178)=21.294759802725;
    ys_(179)=1.159165990662;
    ys_(180)=0.000380163439;
    ys_(181)=0.187557152842;
    ys_(182)=23.650994561795;
    ys_(183)=1.218629073854;
    ys_(184)=0.000362677242;
    ys_(185)=0.181931624446;
    ys_(186)=26.196711481890;
    ys_(187)=1.281755780870;
    ys_(188)=0.000344217027;
    ys_(189)=0.176648785618;
    ys_(190)=28.941753959620;
    ys_(191)=1.348733514053;
    ys_(192)=0.000325083027;
    ys_(193)=0.171686826931;
    ys_(194)=31.896212463977;
    ys_(195)=1.419756547636;
    ys_(196)=0.000305581430;
    ys_(197)=0.167025924530;
    ys_(198)=35.070424560769;
    ys_(199)=1.495026003315;
    ys_(200)=0.000286006930;
    ys_(201)=0.162647987631;
    ys_(202)=38.474974957212;
    ys_(203)=1.574749805655;
    ys_(204)=0.000266624025;
    ys_(205)=0.158536441772;
    ys_(206)=42.120695565252;
    ys_(207)=1.659142618770;
    ys_(208)=0.000247649388;
    ys_(209)=0.154676042669;
    ys_(210)=46.018665581626;
    ys_(211)=1.748425766258;
    ys_(212)=0.000229238527;
    ys_(213)=0.151052716422;
    ys_(214)=50.180211582320;
    ys_(215)=1.842827136745;
    ys_(216)=0.000211480615;
    ys_(217)=0.147653422416;
    ys_(218)=54.616907628839;
    ys_(219)=1.942581077618;
    ys_(220)=0.000194405518;
    ys_(221)=0.144466035811;
    ys_(222)=59.340575383690;
    ys_(223)=2.047928279536;
    ys_(224)=0.000178006092;
    ys_(225)=0.141479246897;
    ys_(226)=64.363284236036;
    ys_(227)=2.159115650781;
    ys_(228)=0.000162273976;
    ys_(229)=0.138682474240;
    ys_(230)=69.697351431255;
    ys_(231)=2.276396187696;
    ys_(232)=0.000147199313;
    ys_(233)=0.136065790552;
    ys_(234)=75.355342194102;
    ys_(235)=2.400028851526;
    ys_(236)=0.000132618716;
    ys_(237)=0.133619860795;
    ys_(238)=81.350069847828;
    ys_(239)=2.530278449296;
    ys_(240)=0.000118434868;
    ys_(241)=0.131335889602;
    ys_(242)=87.694595929221;
    ys_(243)=2.667415518771;
    ys_(244)=0.000104757116;
    ys_(245)=0.129205576200;
    ys_(246)=94.402230297701;
    ys_(247)=2.811716219361;
    ys_(248)=0.000091694480;
    ys_(249)=0.127221075698;
    ys_(250)=101.486531236825;
    ys_(251)=2.963462230617;
    ys_(252)=0.000079350576;
    ys_(253)=0.125374965762;
    ys_(254)=108.961305547043;
    ys_(255)=3.122940659474;
    ys_(256)=0.000067819173;
    ys_(257)=0.123660217772;
    ys_(258)=116.840608629023;
    ys_(259)=3.290443956925;
    ys_(260)=0.000057180280;
    ys_(261)=0.122070171701;
    ys_(262)=125.138744557289;
    ys_(263)=3.466269844387;
    ys_(264)=0.000047496777;
    ys_(265)=0.120598514021;
    ys_(266)=133.870266144235;
    ys_(267)=3.650721249682;
    ys_(268)=0.000038811687;
    ys_(269)=0.119239258072;
    ys_(270)=143.049974994897;
    ys_(271)=3.844106252267;
    ys_(272)=0.000031146236;
    ys_(273)=0.117986726408;
    ys_(274)=152.692921553024;
    ys_(275)=4.046738037166;
    ys_(276)=0.000024498797;
    ys_(277)=0.116835534725;
    ys_(278)=162.814405139172;
    ys_(279)=4.258934856868;
    ys_(280)=0.000018844865;
    ys_(281)=0.115780577074;
    ys_(282)=173.429973981634;
    ys_(283)=4.481020000406;
    ys_(284)=0.000014138098;
    ys_(285)=0.114817012075;
    ys_(286)=184.555425241045;
    ys_(287)=4.713321768749;
    ys_(288)=0.000010312462;
    ys_(289)=0.113940249980;
    ys_(290)=196.206805029535;
    ys_(291)=4.956173455646;
    ys_(292)=0.000007285405;
    ys_(293)=0.113145940410;
    ys_(294)=208.400408425252;
    ys_(295)=5.209913333105;
    ys_(296)=0.000004961943;
    ys_(297)=0.112429960673;
