% 14-Apr-2022 08:43:42, created by /home/francois/Downloads/dynare-5.1/matlab/disp_moments.m 
 
\begin{center}
\begin{longtable}{lcccccccccccccccc} 
\caption{CORRELATION OF SIMULATED VARIABLES}\\
 \label{Table:sim_corr_matrix}\\
\toprule 
$VARIABLE  $	 & 	 $        Zt$	 & 	 $      GDPt$	 & 	 $        Ct$	 & 	 $        Kt$	 & 	 $        It$	 & 	 $        Rt$	 & 	 $        wt$	 & 	 $        Tt$	 & 	 $         Z$	 & 	 $       GDP$	 & 	 $         C$	 & 	 $         K$	 & 	 $         I$	 & 	 $         R$	 & 	 $         w$	 & 	 $        TT$\\
\midrule \endfirsthead 
\caption{(continued)}\\
 \toprule \\ 
$VARIABLE  $	 & 	 $        Zt$	 & 	 $      GDPt$	 & 	 $        Ct$	 & 	 $        Kt$	 & 	 $        It$	 & 	 $        Rt$	 & 	 $        wt$	 & 	 $        Tt$	 & 	 $         Z$	 & 	 $       GDP$	 & 	 $         C$	 & 	 $         K$	 & 	 $         I$	 & 	 $         R$	 & 	 $         w$	 & 	 $        TT$\\
\midrule \endhead 
\midrule \multicolumn{17}{r}{(Continued on next page)} \\ \bottomrule \endfoot 
\bottomrule \endlastfoot 
$Zt        $	 & 	    1.0000	 & 	    0.9634	 & 	    0.7976	 & 	    0.6378	 & 	    0.9911	 & 	    0.6415	 & 	    0.9634	 & 	    0.9357	 & 	    1.0000	 & 	    0.9634	 & 	    0.7976	 & 	    0.6378	 & 	    0.9911	 & 	    0.6415	 & 	    0.9634	 & 	    0.9357 \\ 
$GDPt      $	 & 	    0.9634	 & 	    1.0000	 & 	    0.9300	 & 	    0.8209	 & 	    0.9195	 & 	    0.4125	 & 	    1.0000	 & 	    0.9953	 & 	    0.9634	 & 	    1.0000	 & 	    0.9300	 & 	    0.8209	 & 	    0.9195	 & 	    0.4125	 & 	    1.0000	 & 	    0.9953 \\ 
$Ct        $	 & 	    0.7976	 & 	    0.9300	 & 	    1.0000	 & 	    0.9732	 & 	    0.7106	 & 	    0.0491	 & 	    0.9300	 & 	    0.9575	 & 	    0.7976	 & 	    0.9300	 & 	    1.0000	 & 	    0.9732	 & 	    0.7106	 & 	    0.0491	 & 	    0.9300	 & 	    0.9575 \\ 
$Kt        $	 & 	    0.6378	 & 	    0.8209	 & 	    0.9732	 & 	    1.0000	 & 	    0.5305	 & 	   -0.1816	 & 	    0.8209	 & 	    0.8666	 & 	    0.6378	 & 	    0.8209	 & 	    0.9732	 & 	    1.0000	 & 	    0.5305	 & 	   -0.1816	 & 	    0.8209	 & 	    0.8666 \\ 
$It        $	 & 	    0.9911	 & 	    0.9195	 & 	    0.7106	 & 	    0.5305	 & 	    1.0000	 & 	    0.7371	 & 	    0.9195	 & 	    0.8808	 & 	    0.9911	 & 	    0.9195	 & 	    0.7106	 & 	    0.5305	 & 	    1.0000	 & 	    0.7371	 & 	    0.9195	 & 	    0.8808 \\ 
$Rt        $	 & 	    0.6415	 & 	    0.4125	 & 	    0.0491	 & 	   -0.1816	 & 	    0.7371	 & 	    1.0000	 & 	    0.4125	 & 	    0.3315	 & 	    0.6415	 & 	    0.4125	 & 	    0.0491	 & 	   -0.1816	 & 	    0.7371	 & 	    1.0000	 & 	    0.4125	 & 	    0.3315 \\ 
$wt        $	 & 	    0.9634	 & 	    1.0000	 & 	    0.9300	 & 	    0.8209	 & 	    0.9195	 & 	    0.4125	 & 	    1.0000	 & 	    0.9953	 & 	    0.9634	 & 	    1.0000	 & 	    0.9300	 & 	    0.8209	 & 	    0.9195	 & 	    0.4125	 & 	    1.0000	 & 	    0.9953 \\ 
$Tt        $	 & 	    0.9357	 & 	    0.9953	 & 	    0.9575	 & 	    0.8666	 & 	    0.8808	 & 	    0.3315	 & 	    0.9953	 & 	    1.0000	 & 	    0.9357	 & 	    0.9953	 & 	    0.9575	 & 	    0.8666	 & 	    0.8808	 & 	    0.3315	 & 	    0.9953	 & 	    1.0000 \\ 
$Z         $	 & 	    1.0000	 & 	    0.9634	 & 	    0.7976	 & 	    0.6378	 & 	    0.9911	 & 	    0.6415	 & 	    0.9634	 & 	    0.9357	 & 	    1.0000	 & 	    0.9634	 & 	    0.7976	 & 	    0.6378	 & 	    0.9911	 & 	    0.6415	 & 	    0.9634	 & 	    0.9357 \\ 
$GDP       $	 & 	    0.9634	 & 	    1.0000	 & 	    0.9300	 & 	    0.8209	 & 	    0.9195	 & 	    0.4125	 & 	    1.0000	 & 	    0.9953	 & 	    0.9634	 & 	    1.0000	 & 	    0.9300	 & 	    0.8209	 & 	    0.9195	 & 	    0.4125	 & 	    1.0000	 & 	    0.9953 \\ 
$C         $	 & 	    0.7976	 & 	    0.9300	 & 	    1.0000	 & 	    0.9732	 & 	    0.7106	 & 	    0.0491	 & 	    0.9300	 & 	    0.9575	 & 	    0.7976	 & 	    0.9300	 & 	    1.0000	 & 	    0.9732	 & 	    0.7106	 & 	    0.0491	 & 	    0.9300	 & 	    0.9575 \\ 
$K         $	 & 	    0.6378	 & 	    0.8209	 & 	    0.9732	 & 	    1.0000	 & 	    0.5305	 & 	   -0.1816	 & 	    0.8209	 & 	    0.8666	 & 	    0.6378	 & 	    0.8209	 & 	    0.9732	 & 	    1.0000	 & 	    0.5305	 & 	   -0.1816	 & 	    0.8209	 & 	    0.8666 \\ 
$I         $	 & 	    0.9911	 & 	    0.9195	 & 	    0.7106	 & 	    0.5305	 & 	    1.0000	 & 	    0.7371	 & 	    0.9195	 & 	    0.8808	 & 	    0.9911	 & 	    0.9195	 & 	    0.7106	 & 	    0.5305	 & 	    1.0000	 & 	    0.7371	 & 	    0.9195	 & 	    0.8808 \\ 
$R         $	 & 	    0.6415	 & 	    0.4125	 & 	    0.0491	 & 	   -0.1816	 & 	    0.7371	 & 	    1.0000	 & 	    0.4125	 & 	    0.3315	 & 	    0.6415	 & 	    0.4125	 & 	    0.0491	 & 	   -0.1816	 & 	    0.7371	 & 	    1.0000	 & 	    0.4125	 & 	    0.3315 \\ 
$w         $	 & 	    0.9634	 & 	    1.0000	 & 	    0.9300	 & 	    0.8209	 & 	    0.9195	 & 	    0.4125	 & 	    1.0000	 & 	    0.9953	 & 	    0.9634	 & 	    1.0000	 & 	    0.9300	 & 	    0.8209	 & 	    0.9195	 & 	    0.4125	 & 	    1.0000	 & 	    0.9953 \\ 
$TT        $	 & 	    0.9357	 & 	    0.9953	 & 	    0.9575	 & 	    0.8666	 & 	    0.8808	 & 	    0.3315	 & 	    0.9953	 & 	    1.0000	 & 	    0.9357	 & 	    0.9953	 & 	    0.9575	 & 	    0.8666	 & 	    0.8808	 & 	    0.3315	 & 	    0.9953	 & 	    1.0000 \\ 
\end{longtable}
 \end{center}
% End of TeX file.
