Starting preprocessing of the model file ...
Found 18 equation(s).
Evaluating expressions...done
Computing static model derivatives (order 1).
Computing dynamic model derivatives (order 1).
Processing outputs ...
done
Preprocessing completed.




Residuals of the static equations:

Equation number 1 : 0 : 1
Equation number 2 : 0 : 2
Equation number 3 : 0 : w
Equation number 4 : 0 : 4
Equation number 5 : 0 : Z
Equation number 6 : 0 : u
Equation number 7 : 0 : GDP
Equation number 8 : 0 : I
Equation number 9 : 0 : W
Equation number 10 : 0 : ut
Equation number 11 : 0 : Kt
Equation number 12 : 0 : Ct
Equation number 13 : 0 : wt
Equation number 14 : -3.2653e-07 : rt
Equation number 15 : 0 : Zt
Equation number 16 : 0 : GDPt
Equation number 17 : 0 : It
Equation number 18 : 0 : Wt



STEADY-STATE RESULTS:

r    		 0.0204082
w    		 2.05098
Z    		 1
K    		 25.4069
GDP  		 3.20466
u    		 0
I    		 0.635171
C    		 2.56949
W    		 10.9437
rt   		 0
wt   		 0
Zt   		 0
Kt   		 0
GDPt 		 0
ut   		 0
It   		 0
Ct   		 0
Wt   		 0

EIGENVALUES:
         Modulus             Real        Imaginary

            0.95             0.95                0
          0.9562           0.9562                0
           1.068            1.068                0
       1.057e+12        1.057e+12                0
             Inf             -Inf                0


There are 3 eigenvalue(s) larger than 1 in modulus 
for 3 forward-looking variable(s)

The rank condition is verified.


MODEL SUMMARY

  Number of variables:         18
  Number of stochastic shocks: 1
  Number of state variables:   2
  Number of jumpers:           3
  Number of static variables:  14


MATRIX OF COVARIANCE OF EXOGENOUS SHOCKS
Variables         eps
eps          0.000010

POLICY AND TRANSITION FUNCTIONS
                                  ut              Zt            GDPt              Ct              Kt              It              Wt              rt              wt               u               Z             GDP               C               K               I               W               r               w
Constant                           0               0               0               0               0               0               0               0               0               0        1.000000        3.204663        2.569491       25.406854        0.635171       10.943663        0.020408        2.050984
u(-1)                      95.000000       95.000000       95.000000       34.075688        8.792013      327.493691       34.072472        4.313776       98.165125        0.950000        0.950000        3.044430        0.875572        2.233774        2.080146        0.340725        0.043138        2.013351
K(-1)                              0               0        1.416941        2.448384        3.763650       -2.826502        2.448153       -0.114383        1.354914               0               0        0.045408        0.062911        0.956225       -0.017953        0.024482       -0.001144        0.027789
eps                       100.000000      100.000000      100.000000       35.869145        9.254751      344.730201       35.865760        4.540816      103.331710        1.000000        1.000000        3.204663        0.921655        2.351341        2.189627        0.358658        0.045408        2.119317


MOMENTS OF SIMULATED VARIABLES
VARIABLE              MEAN       STD. DEV.        VARIANCE        SKEWNESS        KURTOSIS
ut               -0.002440        0.982028        0.964380        0.019705        0.204198
Zt               -0.002440        0.982028        0.964380        0.019705        0.204198
GDPt             -0.005299        1.356888        1.841145        0.105890        0.436491
Ct               -0.005815        1.118291        1.250575        0.171979        0.678281
Kt               -0.007819        1.379113        1.901952        0.182902        0.728448
It               -0.002709        2.847235        8.106746       -0.061733        0.075089
Wt               -0.005814        1.118186        1.250339        0.171979        0.678281
rt                0.000120        0.035832        0.001284       -0.143916        0.237626
wt               -0.005255        1.370351        1.877861        0.101681        0.423109
u                -0.000024        0.009820        0.000096        0.019705        0.204198
Z                 0.999976        0.009820        0.000096        0.019705        0.204198
GDP               3.204493        0.043484        0.001891        0.105890        0.436491
C                 2.569342        0.028734        0.000826        0.171979        0.678281
K                25.404867        0.350389        0.122773        0.182902        0.728448
I                 0.635154        0.018085        0.000327       -0.061733        0.075089
W                10.943605        0.011182        0.000125        0.171979        0.678281
r                 0.020409        0.000358        0.000000       -0.143916        0.237626
w                 2.050876        0.028106        0.000790        0.101681        0.423109


CORRELATION OF SIMULATED VARIABLES
VARIABLE        ut      Zt    GDPt      Ct      Kt      It      Wt      rt      wt       u       Z     GDP       C       K       I       W       r       w
ut          1.0000  1.0000  0.9603  0.8109  0.6840  0.9642  0.8109  0.5215  0.9644  1.0000  1.0000  0.9603  0.8109  0.6840  0.9642  0.8109  0.5215  0.9644
Zt          1.0000  1.0000  0.9603  0.8109  0.6840  0.9642  0.8109  0.5215  0.9644  1.0000  1.0000  0.9603  0.8109  0.6840  0.9642  0.8109  0.5215  0.9644
GDPt        0.9603  0.9603  1.0000  0.9420  0.8604  0.8518  0.9420  0.2626  0.9999  0.9603  0.9603  1.0000  0.9420  0.8604  0.8518  0.9420  0.2626  0.9999
Ct          0.8109  0.8109  0.9420  1.0000  0.9815  0.6265  1.0000 -0.0765  0.9367  0.8109  0.8109  0.9420  1.0000  0.9815  0.6265  1.0000 -0.0765  0.9367
Kt          0.6840  0.6840  0.8604  0.9815  1.0000  0.4659  0.9815 -0.2658  0.8525  0.6840  0.6840  0.8604  0.9815  1.0000  0.4659  0.9815 -0.2658  0.8525
It          0.9642  0.9642  0.8518  0.6265  0.4659  1.0000  0.6265  0.7292  0.8597  0.9642  0.9642  0.8518  0.6265  0.4659  1.0000  0.6265  0.7292  0.8597
Wt          0.8109  0.8109  0.9420  1.0000  0.9815  0.6265  1.0000 -0.0765  0.9367  0.8109  0.8109  0.9420  1.0000  0.9815  0.6265  1.0000 -0.0765  0.9367
rt          0.5215  0.5215  0.2626 -0.0765 -0.2658  0.7292 -0.0765  1.0000  0.2774  0.5215  0.5215  0.2626 -0.0765 -0.2658  0.7292 -0.0765  1.0000  0.2774
wt          0.9644  0.9644  0.9999  0.9367  0.8525  0.8597  0.9367  0.2774  1.0000  0.9644  0.9644  0.9999  0.9367  0.8525  0.8597  0.9367  0.2774  1.0000
u           1.0000  1.0000  0.9603  0.8109  0.6840  0.9642  0.8109  0.5215  0.9644  1.0000  1.0000  0.9603  0.8109  0.6840  0.9642  0.8109  0.5215  0.9644
Z           1.0000  1.0000  0.9603  0.8109  0.6840  0.9642  0.8109  0.5215  0.9644  1.0000  1.0000  0.9603  0.8109  0.6840  0.9642  0.8109  0.5215  0.9644
GDP         0.9603  0.9603  1.0000  0.9420  0.8604  0.8518  0.9420  0.2626  0.9999  0.9603  0.9603  1.0000  0.9420  0.8604  0.8518  0.9420  0.2626  0.9999
C           0.8109  0.8109  0.9420  1.0000  0.9815  0.6265  1.0000 -0.0765  0.9367  0.8109  0.8109  0.9420  1.0000  0.9815  0.6265  1.0000 -0.0765  0.9367
K           0.6840  0.6840  0.8604  0.9815  1.0000  0.4659  0.9815 -0.2658  0.8525  0.6840  0.6840  0.8604  0.9815  1.0000  0.4659  0.9815 -0.2658  0.8525
I           0.9642  0.9642  0.8518  0.6265  0.4659  1.0000  0.6265  0.7292  0.8597  0.9642  0.9642  0.8518  0.6265  0.4659  1.0000  0.6265  0.7292  0.8597
W           0.8109  0.8109  0.9420  1.0000  0.9815  0.6265  1.0000 -0.0765  0.9367  0.8109  0.8109  0.9420  1.0000  0.9815  0.6265  1.0000 -0.0765  0.9367
r           0.5215  0.5215  0.2626 -0.0765 -0.2658  0.7292 -0.0765  1.0000  0.2774  0.5215  0.5215  0.2626 -0.0765 -0.2658  0.7292 -0.0765  1.0000  0.2774
w           0.9644  0.9644  0.9999  0.9367  0.8525  0.8597  0.9367  0.2774  1.0000  0.9644  0.9644  0.9999  0.9367  0.8525  0.8597  0.9367  0.2774  1.0000


AUTOCORRELATION OF SIMULATED VARIABLES
VARIABLE         1       2       3       4       5
ut          0.9492  0.8983  0.8489  0.8009  0.7571
Zt          0.9492  0.8983  0.8489  0.8009  0.7571
GDPt        0.9736  0.9462  0.9184  0.8904  0.8638
Ct          0.9946  0.9871  0.9778  0.9670  0.9550
Kt          0.9986  0.9951  0.9894  0.9819  0.9728
It          0.9273  0.8555  0.7867  0.7209  0.6618
Wt          0.9946  0.9871  0.9778  0.9670  0.9550
rt          0.9173  0.8359  0.7583  0.6843  0.6182
wt          0.9724  0.9437  0.9149  0.8859  0.8584
u           0.9492  0.8983  0.8489  0.8009  0.7571
Z           0.9492  0.8983  0.8489  0.8009  0.7571
GDP         0.9736  0.9462  0.9184  0.8904  0.8638
C           0.9946  0.9871  0.9778  0.9670  0.9550
K           0.9986  0.9951  0.9894  0.9819  0.9728
I           0.9273  0.8555  0.7867  0.7209  0.6618
W           0.9946  0.9871  0.9778  0.9670  0.9550
r           0.9173  0.8359  0.7583  0.6843  0.6182
w           0.9724  0.9437  0.9149  0.8859  0.8584
Total computing time : 0h00m02s
