% 21-Oct-2021 09:26:25, created by disp_moments.m 
 
\begin{center}
\begin{longtable}{lcccccccccccccccc} 
\caption{CORRELATION OF SIMULATED VARIABLES}\\
 \label{Table:sim_corr_matrix}\\
\toprule 
$VARIABLE  $	 & 	 $        ut$	 & 	 $        Zt$	 & 	 $      GDPt$	 & 	 $        Ct$	 & 	 $        Kt$	 & 	 $        It$	 & 	 $        rt$	 & 	 $        wt$	 & 	 $         u$	 & 	 $         Z$	 & 	 $       GDP$	 & 	 $         C$	 & 	 $         K$	 & 	 $         I$	 & 	 $         r$	 & 	 $         w$\\
\midrule \endfirsthead 
\caption{(continued)}\\
 \toprule \\ 
$VARIABLE  $	 & 	 $        ut$	 & 	 $        Zt$	 & 	 $      GDPt$	 & 	 $        Ct$	 & 	 $        Kt$	 & 	 $        It$	 & 	 $        rt$	 & 	 $        wt$	 & 	 $         u$	 & 	 $         Z$	 & 	 $       GDP$	 & 	 $         C$	 & 	 $         K$	 & 	 $         I$	 & 	 $         r$	 & 	 $         w$\\
\midrule \endhead 
\midrule \multicolumn{17}{r}{(Continued on next page)} \\ \bottomrule \endfoot 
\bottomrule \endlastfoot 
$ut        $	 & 	    1.0000	 & 	    1.0000	 & 	    0.9603	 & 	    0.7991	 & 	    0.6684	 & 	    0.9752	 & 	    0.5532	 & 	    0.9603	 & 	    1.0000	 & 	    1.0000	 & 	    0.9603	 & 	    0.7991	 & 	    0.6684	 & 	    0.9752	 & 	    0.5532	 & 	    0.9603 \\ 
$Zt        $	 & 	    1.0000	 & 	    1.0000	 & 	    0.9603	 & 	    0.7991	 & 	    0.6684	 & 	    0.9752	 & 	    0.5532	 & 	    0.9603	 & 	    1.0000	 & 	    1.0000	 & 	    0.9603	 & 	    0.7991	 & 	    0.6684	 & 	    0.9752	 & 	    0.5532	 & 	    0.9603 \\ 
$GDPt      $	 & 	    0.9603	 & 	    0.9603	 & 	    1.0000	 & 	    0.9350	 & 	    0.8493	 & 	    0.8748	 & 	    0.2990	 & 	    1.0000	 & 	    0.9603	 & 	    0.9603	 & 	    1.0000	 & 	    0.9350	 & 	    0.8493	 & 	    0.8748	 & 	    0.2990	 & 	    1.0000 \\ 
$Ct        $	 & 	    0.7991	 & 	    0.7991	 & 	    0.9350	 & 	    1.0000	 & 	    0.9813	 & 	    0.6462	 & 	   -0.0588	 & 	    0.9350	 & 	    0.7991	 & 	    0.7991	 & 	    0.9350	 & 	    1.0000	 & 	    0.9813	 & 	    0.6462	 & 	   -0.0588	 & 	    0.9350 \\ 
$Kt        $	 & 	    0.6684	 & 	    0.6684	 & 	    0.8493	 & 	    0.9813	 & 	    1.0000	 & 	    0.4872	 & 	   -0.2499	 & 	    0.8493	 & 	    0.6684	 & 	    0.6684	 & 	    0.8493	 & 	    0.9813	 & 	    1.0000	 & 	    0.4872	 & 	   -0.2499	 & 	    0.8493 \\ 
$It        $	 & 	    0.9752	 & 	    0.9752	 & 	    0.8748	 & 	    0.6462	 & 	    0.4872	 & 	    1.0000	 & 	    0.7238	 & 	    0.8748	 & 	    0.9752	 & 	    0.9752	 & 	    0.8748	 & 	    0.6462	 & 	    0.4872	 & 	    1.0000	 & 	    0.7238	 & 	    0.8748 \\ 
$rt        $	 & 	    0.5532	 & 	    0.5532	 & 	    0.2990	 & 	   -0.0588	 & 	   -0.2499	 & 	    0.7238	 & 	    1.0000	 & 	    0.2990	 & 	    0.5532	 & 	    0.5532	 & 	    0.2990	 & 	   -0.0588	 & 	   -0.2499	 & 	    0.7238	 & 	    1.0000	 & 	    0.2990 \\ 
$wt        $	 & 	    0.9603	 & 	    0.9603	 & 	    1.0000	 & 	    0.9350	 & 	    0.8493	 & 	    0.8748	 & 	    0.2990	 & 	    1.0000	 & 	    0.9603	 & 	    0.9603	 & 	    1.0000	 & 	    0.9350	 & 	    0.8493	 & 	    0.8748	 & 	    0.2990	 & 	    1.0000 \\ 
$u         $	 & 	    1.0000	 & 	    1.0000	 & 	    0.9603	 & 	    0.7991	 & 	    0.6684	 & 	    0.9752	 & 	    0.5532	 & 	    0.9603	 & 	    1.0000	 & 	    1.0000	 & 	    0.9603	 & 	    0.7991	 & 	    0.6684	 & 	    0.9752	 & 	    0.5532	 & 	    0.9603 \\ 
$Z         $	 & 	    1.0000	 & 	    1.0000	 & 	    0.9603	 & 	    0.7991	 & 	    0.6684	 & 	    0.9752	 & 	    0.5532	 & 	    0.9603	 & 	    1.0000	 & 	    1.0000	 & 	    0.9603	 & 	    0.7991	 & 	    0.6684	 & 	    0.9752	 & 	    0.5532	 & 	    0.9603 \\ 
$GDP       $	 & 	    0.9603	 & 	    0.9603	 & 	    1.0000	 & 	    0.9350	 & 	    0.8493	 & 	    0.8748	 & 	    0.2990	 & 	    1.0000	 & 	    0.9603	 & 	    0.9603	 & 	    1.0000	 & 	    0.9350	 & 	    0.8493	 & 	    0.8748	 & 	    0.2990	 & 	    1.0000 \\ 
$C         $	 & 	    0.7991	 & 	    0.7991	 & 	    0.9350	 & 	    1.0000	 & 	    0.9813	 & 	    0.6462	 & 	   -0.0588	 & 	    0.9350	 & 	    0.7991	 & 	    0.7991	 & 	    0.9350	 & 	    1.0000	 & 	    0.9813	 & 	    0.6462	 & 	   -0.0588	 & 	    0.9350 \\ 
$K         $	 & 	    0.6684	 & 	    0.6684	 & 	    0.8493	 & 	    0.9813	 & 	    1.0000	 & 	    0.4872	 & 	   -0.2499	 & 	    0.8493	 & 	    0.6684	 & 	    0.6684	 & 	    0.8493	 & 	    0.9813	 & 	    1.0000	 & 	    0.4872	 & 	   -0.2499	 & 	    0.8493 \\ 
$I         $	 & 	    0.9752	 & 	    0.9752	 & 	    0.8748	 & 	    0.6462	 & 	    0.4872	 & 	    1.0000	 & 	    0.7238	 & 	    0.8748	 & 	    0.9752	 & 	    0.9752	 & 	    0.8748	 & 	    0.6462	 & 	    0.4872	 & 	    1.0000	 & 	    0.7238	 & 	    0.8748 \\ 
$r         $	 & 	    0.5532	 & 	    0.5532	 & 	    0.2990	 & 	   -0.0588	 & 	   -0.2499	 & 	    0.7238	 & 	    1.0000	 & 	    0.2990	 & 	    0.5532	 & 	    0.5532	 & 	    0.2990	 & 	   -0.0588	 & 	   -0.2499	 & 	    0.7238	 & 	    1.0000	 & 	    0.2990 \\ 
$w         $	 & 	    0.9603	 & 	    0.9603	 & 	    1.0000	 & 	    0.9350	 & 	    0.8493	 & 	    0.8748	 & 	    0.2990	 & 	    1.0000	 & 	    0.9603	 & 	    0.9603	 & 	    1.0000	 & 	    0.9350	 & 	    0.8493	 & 	    0.8748	 & 	    0.2990	 & 	    1.0000 \\ 
\end{longtable}
 \end{center}
% End of TeX file.
