% 16-Oct-2021 17:22:57, created by disp_moments.m 
 
\begin{center}
\begin{longtable}{lccccccccccccccccccccccccc} 
\caption{CORRELATION OF SIMULATED VARIABLES}\\
 \label{Table:sim_corr_matrix}\\
\toprule 
$VARIABLE  $	 & 	 $        ut$	 & 	 $        Zt$	 & 	 $      GDPt$	 & 	 $        Ct$	 & 	 $       Cbt$	 & 	 $       Cmt$	 & 	 $       Ctt$	 & 	 $        Kt$	 & 	 $        It$	 & 	 $        Wt$	 & 	 $        rt$	 & 	 $        wt$	 & 	 $         u$	 & 	 $         Z$	 & 	 $       GDP$	 & 	 $         C$	 & 	 $        Cb$	 & 	 $        Cm$	 & 	 $       Ctp$	 & 	 $         K$	 & 	 $         I$	 & 	 $         W$	 & 	 $         r$	 & 	 $         w$	 & 	 $      c500$\\
\midrule \endfirsthead 
\caption{(continued)}\\
 \toprule \\ 
$VARIABLE  $	 & 	 $        ut$	 & 	 $        Zt$	 & 	 $      GDPt$	 & 	 $        Ct$	 & 	 $       Cbt$	 & 	 $       Cmt$	 & 	 $       Ctt$	 & 	 $        Kt$	 & 	 $        It$	 & 	 $        Wt$	 & 	 $        rt$	 & 	 $        wt$	 & 	 $         u$	 & 	 $         Z$	 & 	 $       GDP$	 & 	 $         C$	 & 	 $        Cb$	 & 	 $        Cm$	 & 	 $       Ctp$	 & 	 $         K$	 & 	 $         I$	 & 	 $         W$	 & 	 $         r$	 & 	 $         w$	 & 	 $      c500$\\
\midrule \endhead 
\midrule \multicolumn{26}{r}{(Continued on next page)} \\ \bottomrule \endfoot 
\bottomrule \endlastfoot 
$ut        $	 & 	    1.0000	 & 	    1.0000	 & 	    0.9630	 & 	    0.8122	 & 	    0.9704	 & 	    0.8621	 & 	    0.8186	 & 	    0.6343	 & 	    0.9738	 & 	    0.8492	 & 	    0.5883	 & 	    0.9630	 & 	    1.0000	 & 	    1.0000	 & 	    0.9630	 & 	    0.8122	 & 	    0.9704	 & 	    0.8621	 & 	    0.8186	 & 	    0.6343	 & 	    0.9738	 & 	    0.8492	 & 	    0.5883	 & 	    0.9630	 & 	    0.9043 \\ 
$Zt        $	 & 	    1.0000	 & 	    1.0000	 & 	    0.9630	 & 	    0.8122	 & 	    0.9704	 & 	    0.8621	 & 	    0.8186	 & 	    0.6343	 & 	    0.9738	 & 	    0.8492	 & 	    0.5883	 & 	    0.9630	 & 	    1.0000	 & 	    1.0000	 & 	    0.9630	 & 	    0.8122	 & 	    0.9704	 & 	    0.8621	 & 	    0.8186	 & 	    0.6343	 & 	    0.9738	 & 	    0.8492	 & 	    0.5883	 & 	    0.9630	 & 	    0.9043 \\ 
$GDPt      $	 & 	    0.9630	 & 	    0.9630	 & 	    1.0000	 & 	    0.9394	 & 	    0.9995	 & 	    0.9666	 & 	    0.9431	 & 	    0.8192	 & 	    0.8765	 & 	    0.9601	 & 	    0.3486	 & 	    1.0000	 & 	    0.9630	 & 	    0.9630	 & 	    1.0000	 & 	    0.9394	 & 	    0.9995	 & 	    0.9666	 & 	    0.9431	 & 	    0.8192	 & 	    0.8765	 & 	    0.9601	 & 	    0.3486	 & 	    1.0000	 & 	    0.9859 \\ 
$Ct        $	 & 	    0.8122	 & 	    0.8122	 & 	    0.9394	 & 	    1.0000	 & 	    0.9288	 & 	    0.9954	 & 	    0.9999	 & 	    0.9662	 & 	    0.6583	 & 	    0.9978	 & 	    0.0060	 & 	    0.9394	 & 	    0.8122	 & 	    0.8122	 & 	    0.9394	 & 	    1.0000	 & 	    0.9288	 & 	    0.9954	 & 	    0.9999	 & 	    0.9662	 & 	    0.6583	 & 	    0.9978	 & 	    0.0060	 & 	    0.9394	 & 	    0.9835 \\ 
$Cbt       $	 & 	    0.9704	 & 	    0.9704	 & 	    0.9995	 & 	    0.9288	 & 	    1.0000	 & 	    0.9584	 & 	    0.9329	 & 	    0.8020	 & 	    0.8901	 & 	    0.9514	 & 	    0.3758	 & 	    0.9995	 & 	    0.9704	 & 	    0.9704	 & 	    0.9995	 & 	    0.9288	 & 	    1.0000	 & 	    0.9584	 & 	    0.9329	 & 	    0.8020	 & 	    0.8901	 & 	    0.9514	 & 	    0.3758	 & 	    0.9995	 & 	    0.9805 \\ 
$Cmt       $	 & 	    0.8621	 & 	    0.8621	 & 	    0.9666	 & 	    0.9954	 & 	    0.9584	 & 	    1.0000	 & 	    0.9963	 & 	    0.9380	 & 	    0.7245	 & 	    0.9992	 & 	    0.0980	 & 	    0.9666	 & 	    0.8621	 & 	    0.8621	 & 	    0.9666	 & 	    0.9954	 & 	    0.9584	 & 	    1.0000	 & 	    0.9963	 & 	    0.9380	 & 	    0.7245	 & 	    0.9992	 & 	    0.0980	 & 	    0.9666	 & 	    0.9956 \\ 
$Ctt       $	 & 	    0.8186	 & 	    0.8186	 & 	    0.9431	 & 	    0.9999	 & 	    0.9329	 & 	    0.9963	 & 	    1.0000	 & 	    0.9632	 & 	    0.6666	 & 	    0.9984	 & 	    0.0171	 & 	    0.9431	 & 	    0.8186	 & 	    0.8186	 & 	    0.9431	 & 	    0.9999	 & 	    0.9329	 & 	    0.9963	 & 	    1.0000	 & 	    0.9632	 & 	    0.6666	 & 	    0.9984	 & 	    0.0171	 & 	    0.9431	 & 	    0.9854 \\ 
$Kt        $	 & 	    0.6343	 & 	    0.6343	 & 	    0.8192	 & 	    0.9662	 & 	    0.8020	 & 	    0.9380	 & 	    0.9632	 & 	    1.0000	 & 	    0.4419	 & 	    0.9469	 & 	   -0.2520	 & 	    0.8192	 & 	    0.6343	 & 	    0.6343	 & 	    0.8192	 & 	    0.9662	 & 	    0.8020	 & 	    0.9380	 & 	    0.9632	 & 	    1.0000	 & 	    0.4419	 & 	    0.9469	 & 	   -0.2520	 & 	    0.8192	 & 	    0.9036 \\ 
$It        $	 & 	    0.9738	 & 	    0.9738	 & 	    0.8765	 & 	    0.6583	 & 	    0.8901	 & 	    0.7245	 & 	    0.6666	 & 	    0.4419	 & 	    1.0000	 & 	    0.7069	 & 	    0.7567	 & 	    0.8765	 & 	    0.9738	 & 	    0.9738	 & 	    0.8765	 & 	    0.6583	 & 	    0.8901	 & 	    0.7245	 & 	    0.6666	 & 	    0.4419	 & 	    1.0000	 & 	    0.7069	 & 	    0.7567	 & 	    0.8765	 & 	    0.7836 \\ 
$Wt        $	 & 	    0.8492	 & 	    0.8492	 & 	    0.9601	 & 	    0.9978	 & 	    0.9514	 & 	    0.9992	 & 	    0.9984	 & 	    0.9469	 & 	    0.7069	 & 	    1.0000	 & 	    0.0726	 & 	    0.9601	 & 	    0.8492	 & 	    0.8492	 & 	    0.9601	 & 	    0.9978	 & 	    0.9514	 & 	    0.9992	 & 	    0.9984	 & 	    0.9469	 & 	    0.7069	 & 	    1.0000	 & 	    0.0726	 & 	    0.9601	 & 	    0.9933 \\ 
$rt        $	 & 	    0.5883	 & 	    0.5883	 & 	    0.3486	 & 	    0.0060	 & 	    0.3758	 & 	    0.0980	 & 	    0.0171	 & 	   -0.2520	 & 	    0.7567	 & 	    0.0726	 & 	    1.0000	 & 	    0.3486	 & 	    0.5883	 & 	    0.5883	 & 	    0.3486	 & 	    0.0060	 & 	    0.3758	 & 	    0.0980	 & 	    0.0171	 & 	   -0.2520	 & 	    0.7567	 & 	    0.0726	 & 	    1.0000	 & 	    0.3486	 & 	    0.1869 \\ 
$wt        $	 & 	    0.9630	 & 	    0.9630	 & 	    1.0000	 & 	    0.9394	 & 	    0.9995	 & 	    0.9666	 & 	    0.9431	 & 	    0.8192	 & 	    0.8765	 & 	    0.9601	 & 	    0.3486	 & 	    1.0000	 & 	    0.9630	 & 	    0.9630	 & 	    1.0000	 & 	    0.9394	 & 	    0.9995	 & 	    0.9666	 & 	    0.9431	 & 	    0.8192	 & 	    0.8765	 & 	    0.9601	 & 	    0.3486	 & 	    1.0000	 & 	    0.9859 \\ 
$u         $	 & 	    1.0000	 & 	    1.0000	 & 	    0.9630	 & 	    0.8122	 & 	    0.9704	 & 	    0.8621	 & 	    0.8186	 & 	    0.6343	 & 	    0.9738	 & 	    0.8492	 & 	    0.5883	 & 	    0.9630	 & 	    1.0000	 & 	    1.0000	 & 	    0.9630	 & 	    0.8122	 & 	    0.9704	 & 	    0.8621	 & 	    0.8186	 & 	    0.6343	 & 	    0.9738	 & 	    0.8492	 & 	    0.5883	 & 	    0.9630	 & 	    0.9043 \\ 
$Z         $	 & 	    1.0000	 & 	    1.0000	 & 	    0.9630	 & 	    0.8122	 & 	    0.9704	 & 	    0.8621	 & 	    0.8186	 & 	    0.6343	 & 	    0.9738	 & 	    0.8492	 & 	    0.5883	 & 	    0.9630	 & 	    1.0000	 & 	    1.0000	 & 	    0.9630	 & 	    0.8122	 & 	    0.9704	 & 	    0.8621	 & 	    0.8186	 & 	    0.6343	 & 	    0.9738	 & 	    0.8492	 & 	    0.5883	 & 	    0.9630	 & 	    0.9043 \\ 
$GDP       $	 & 	    0.9630	 & 	    0.9630	 & 	    1.0000	 & 	    0.9394	 & 	    0.9995	 & 	    0.9666	 & 	    0.9431	 & 	    0.8192	 & 	    0.8765	 & 	    0.9601	 & 	    0.3486	 & 	    1.0000	 & 	    0.9630	 & 	    0.9630	 & 	    1.0000	 & 	    0.9394	 & 	    0.9995	 & 	    0.9666	 & 	    0.9431	 & 	    0.8192	 & 	    0.8765	 & 	    0.9601	 & 	    0.3486	 & 	    1.0000	 & 	    0.9859 \\ 
$C         $	 & 	    0.8122	 & 	    0.8122	 & 	    0.9394	 & 	    1.0000	 & 	    0.9288	 & 	    0.9954	 & 	    0.9999	 & 	    0.9662	 & 	    0.6583	 & 	    0.9978	 & 	    0.0060	 & 	    0.9394	 & 	    0.8122	 & 	    0.8122	 & 	    0.9394	 & 	    1.0000	 & 	    0.9288	 & 	    0.9954	 & 	    0.9999	 & 	    0.9662	 & 	    0.6583	 & 	    0.9978	 & 	    0.0060	 & 	    0.9394	 & 	    0.9835 \\ 
$Cb        $	 & 	    0.9704	 & 	    0.9704	 & 	    0.9995	 & 	    0.9288	 & 	    1.0000	 & 	    0.9584	 & 	    0.9329	 & 	    0.8020	 & 	    0.8901	 & 	    0.9514	 & 	    0.3758	 & 	    0.9995	 & 	    0.9704	 & 	    0.9704	 & 	    0.9995	 & 	    0.9288	 & 	    1.0000	 & 	    0.9584	 & 	    0.9329	 & 	    0.8020	 & 	    0.8901	 & 	    0.9514	 & 	    0.3758	 & 	    0.9995	 & 	    0.9805 \\ 
$Cm        $	 & 	    0.8621	 & 	    0.8621	 & 	    0.9666	 & 	    0.9954	 & 	    0.9584	 & 	    1.0000	 & 	    0.9963	 & 	    0.9380	 & 	    0.7245	 & 	    0.9992	 & 	    0.0980	 & 	    0.9666	 & 	    0.8621	 & 	    0.8621	 & 	    0.9666	 & 	    0.9954	 & 	    0.9584	 & 	    1.0000	 & 	    0.9963	 & 	    0.9380	 & 	    0.7245	 & 	    0.9992	 & 	    0.0980	 & 	    0.9666	 & 	    0.9956 \\ 
$Ctp       $	 & 	    0.8186	 & 	    0.8186	 & 	    0.9431	 & 	    0.9999	 & 	    0.9329	 & 	    0.9963	 & 	    1.0000	 & 	    0.9632	 & 	    0.6666	 & 	    0.9984	 & 	    0.0171	 & 	    0.9431	 & 	    0.8186	 & 	    0.8186	 & 	    0.9431	 & 	    0.9999	 & 	    0.9329	 & 	    0.9963	 & 	    1.0000	 & 	    0.9632	 & 	    0.6666	 & 	    0.9984	 & 	    0.0171	 & 	    0.9431	 & 	    0.9854 \\ 
$K         $	 & 	    0.6343	 & 	    0.6343	 & 	    0.8192	 & 	    0.9662	 & 	    0.8020	 & 	    0.9380	 & 	    0.9632	 & 	    1.0000	 & 	    0.4419	 & 	    0.9469	 & 	   -0.2520	 & 	    0.8192	 & 	    0.6343	 & 	    0.6343	 & 	    0.8192	 & 	    0.9662	 & 	    0.8020	 & 	    0.9380	 & 	    0.9632	 & 	    1.0000	 & 	    0.4419	 & 	    0.9469	 & 	   -0.2520	 & 	    0.8192	 & 	    0.9036 \\ 
$I         $	 & 	    0.9738	 & 	    0.9738	 & 	    0.8765	 & 	    0.6583	 & 	    0.8901	 & 	    0.7245	 & 	    0.6666	 & 	    0.4419	 & 	    1.0000	 & 	    0.7069	 & 	    0.7567	 & 	    0.8765	 & 	    0.9738	 & 	    0.9738	 & 	    0.8765	 & 	    0.6583	 & 	    0.8901	 & 	    0.7245	 & 	    0.6666	 & 	    0.4419	 & 	    1.0000	 & 	    0.7069	 & 	    0.7567	 & 	    0.8765	 & 	    0.7836 \\ 
$W         $	 & 	    0.8492	 & 	    0.8492	 & 	    0.9601	 & 	    0.9978	 & 	    0.9514	 & 	    0.9992	 & 	    0.9984	 & 	    0.9469	 & 	    0.7069	 & 	    1.0000	 & 	    0.0726	 & 	    0.9601	 & 	    0.8492	 & 	    0.8492	 & 	    0.9601	 & 	    0.9978	 & 	    0.9514	 & 	    0.9992	 & 	    0.9984	 & 	    0.9469	 & 	    0.7069	 & 	    1.0000	 & 	    0.0726	 & 	    0.9601	 & 	    0.9933 \\ 
$r         $	 & 	    0.5883	 & 	    0.5883	 & 	    0.3486	 & 	    0.0060	 & 	    0.3758	 & 	    0.0980	 & 	    0.0171	 & 	   -0.2520	 & 	    0.7567	 & 	    0.0726	 & 	    1.0000	 & 	    0.3486	 & 	    0.5883	 & 	    0.5883	 & 	    0.3486	 & 	    0.0060	 & 	    0.3758	 & 	    0.0980	 & 	    0.0171	 & 	   -0.2520	 & 	    0.7567	 & 	    0.0726	 & 	    1.0000	 & 	    0.3486	 & 	    0.1869 \\ 
$w         $	 & 	    0.9630	 & 	    0.9630	 & 	    1.0000	 & 	    0.9394	 & 	    0.9995	 & 	    0.9666	 & 	    0.9431	 & 	    0.8192	 & 	    0.8765	 & 	    0.9601	 & 	    0.3486	 & 	    1.0000	 & 	    0.9630	 & 	    0.9630	 & 	    1.0000	 & 	    0.9394	 & 	    0.9995	 & 	    0.9666	 & 	    0.9431	 & 	    0.8192	 & 	    0.8765	 & 	    0.9601	 & 	    0.3486	 & 	    1.0000	 & 	    0.9859 \\ 
$c500      $	 & 	    0.9043	 & 	    0.9043	 & 	    0.9859	 & 	    0.9835	 & 	    0.9805	 & 	    0.9956	 & 	    0.9854	 & 	    0.9036	 & 	    0.7836	 & 	    0.9933	 & 	    0.1869	 & 	    0.9859	 & 	    0.9043	 & 	    0.9043	 & 	    0.9859	 & 	    0.9835	 & 	    0.9805	 & 	    0.9956	 & 	    0.9854	 & 	    0.9036	 & 	    0.7836	 & 	    0.9933	 & 	    0.1869	 & 	    0.9859	 & 	    1.0000 \\ 
\end{longtable}
 \end{center}
% End of TeX file.
