function [ys_, params, info] = steadystate(ys_, exo_, params)
% Steady state generated by Dynare preprocessor
    info = 0;
    ys_(17)=4.65100000;
    ys_(18)=4.72894691;
    ys_(19)=0.54654134;
    ys_(20)=8.68970000;
    ys_(21)=8.82470800;
    ys_(22)=0.67074242;
    ys_(23)=0.00000000;
    ys_(24)=0.00000000;
    ys_(25)=0.39107490;
    ys_(26)=0.00000000;
    ys_(27)=0.00000000;
    ys_(28)=0.39107490;
    ys_(29)=0.00000000;
    ys_(30)=0.00000000;
    ys_(31)=0.39107490;
    ys_(32)=4.65120000;
    ys_(33)=4.72894691;
    ys_(34)=0.96334386;
    ys_(35)=8.68990000;
    ys_(36)=8.82470800;
    ys_(37)=1.08754494;
    ys_(38)=19.39780000;
    ys_(39)=19.69258528;
    ys_(40)=1.42567450;
    ys_(41)=0.00000000;
    ys_(42)=0.00000000;
    ys_(43)=0.80807742;
    ys_(44)=0.00000000;
    ys_(45)=0.00000000;
    ys_(46)=0.80807742;
    ys_(47)=0.00000000;
    ys_(48)=0.00000000;
    ys_(49)=1.67017072;
    ys_(50)=8.76130000;
    ys_(51)=8.82470800;
    ys_(52)=1.87823823;
    ys_(53)=19.51360000;
    ys_(54)=19.69258528;
    ys_(55)=2.17196779;
    ys_(56)=48.91020000;
    ys_(57)=49.34345872;
    ys_(58)=2.91229482;
    ys_(59)=0.00000000;
    ys_(60)=0.00000000;
    ys_(61)=1.67017072;
    ys_(62)=0.00000000;
    ys_(63)=0.00000000;
    ys_(64)=3.45183020;
    ys_(65)=0.00000000;
    ys_(66)=0.00000000;
    ys_(67)=3.45183020;
    ys_(68)=20.03540000;
    ys_(69)=19.69258528;
    ys_(70)=3.43182727;
    ys_(71)=49.45600000;
    ys_(72)=49.34345872;
    ys_(73)=4.14815429;
    ys_(74)=114.27170000;
    ys_(75)=114.54430560;
    ys_(76)=5.60210966;
    ys_(77)=0.00000000;
    ys_(78)=0.00000000;
    ys_(79)=7.13506438;
    ys_(80)=0.00000000;
    ys_(81)=0.00000000;
    ys_(82)=7.13506438;
    ys_(83)=0.00000000;
    ys_(84)=0.00000000;
    ys_(85)=7.13506438;
    ys_(86)=50.98710000;
    ys_(87)=49.34345872;
    ys_(88)=6.30028848;
    ys_(89)=115.79510000;
    ys_(90)=114.54430560;
    ys_(91)=7.76194385;
    ys_(1)=0.01639256;
    ys_(2)=2.16063483;
    ys_(4)=29.36173135;
    ys_(3)=1;
    ys_(6)=0;
    ys_(5)=3.37599191;
    ys_(7)=0.73404328;
    ys_(8)=2.64195059;
    ys_(14)=0;
    ys_(12)=0;
    ys_(16)=0;
    ys_(10)=0;
    ys_(9)=0;
    ys_(11)=0;
    ys_(13)=0;
    ys_(15)=0;
    % Auxiliary equations
end
