function [ys_, params, info] = steadystate(ys_, exo_, params)
% Steady state generated by Dynare preprocessor
    info = 0;
    ys_(23)=4.65096038;
    ys_(24)=4.72886727;
    ys_(25)=0.54657465;
    ys_(26)=8.68971451;
    ys_(27)=8.82770079;
    ys_(28)=0.67390657;
    ys_(29)=4.65118352;
    ys_(30)=4.72886727;
    ys_(31)=0.96354573;
    ys_(32)=8.68992019;
    ys_(33)=8.82770079;
    ys_(34)=1.09089511;
    ys_(35)=19.39781094;
    ys_(36)=19.69356809;
    ys_(37)=1.42715582;
    ys_(38)=48.76914553;
    ys_(39)=49.33769274;
    ys_(40)=2.18633850;
    ys_(41)=4.70627341;
    ys_(42)=4.72886727;
    ys_(43)=1.77070476;
    ys_(44)=8.76130011;
    ys_(45)=8.82770079;
    ys_(46)=1.88176412;
    ys_(47)=19.51364309;
    ys_(48)=19.69356809;
    ys_(49)=2.17357258;
    ys_(50)=48.91017704;
    ys_(51)=49.33769274;
    ys_(52)=2.90755591;
    ys_(53)=113.73129891;
    ys_(54)=114.54496481;
    ys_(55)=4.36360905;
    ys_(56)=9.26033336;
    ys_(57)=8.82770079;
    ys_(58)=3.16481018;
    ys_(59)=20.03539936;
    ys_(60)=19.69356809;
    ys_(61)=3.43389564;
    ys_(62)=49.45604627;
    ys_(63)=49.33769274;
    ys_(64)=4.14376600;
    ys_(65)=114.27167503;
    ys_(66)=114.54496481;
    ys_(67)=5.60531225;
    ys_(68)=50.98705362;
    ys_(69)=49.33769274;
    ys_(70)=6.29592560;
    ys_(71)=115.79509583;
    ys_(72)=114.54496481;
    ys_(73)=7.76505839;
    ys_(1)=0.01640772;
    ys_(2)=2.16018957;
    ys_(5)=29.34475761;
    ys_(3)=1;
    ys_(4)=29.34475761;
    ys_(7)=0;
    ys_(6)=3.37528920;
    ys_(8)=0.73361894;
    ys_(9)=2.64280463;
    ys_(10)=0.62882550;
    ys_(12)=0.00000000;
    ys_(11)=10.70521488;
    ys_(18)=0;
    ys_(16)=0;
    ys_(20)=0;
    ys_(21)=0;
    Cmt=0;
    Ctt=0;
    ys_(14)=0;
    ys_(13)=0;
    ys_(15)=0;
    ys_(17)=0;
    ys_(19)=0;
    ys_(22)=0;
    % Auxiliary equations
end
